1 ; number of test cases ; for now it is ignored
4 ; number of periods
4 ; number of depots
4 ; number of total vehicles
1 1 1 1  ; number of vehicle per depot
195.0 195.0 195.0 195.0  ; Maximum allowable load of each vehicle 
 ; t(total period) lines containg  v (total vehicle) values each referring maximum time limit (route duration) for that day for that vehicle (NEW)
480.0 480.0 480.0 480.0 
480.0 480.0 480.0 480.0 
480.0 480.0 480.0 480.0 
480.0 480.0 480.0 480.0 
96 ; number of clients
4 4 4 4 4 4 4 4 4 4 4 4 4 4 4 4 4 4 4 4 4 4 4 4 2 2 2 2 2 2 2 2 2 2 2 2 2 2 2 2 2 2 2 2 2 2 2 2 1 1 1 1 1 1 1 1 1 1 1 1 1 1 1 1 1 1 1 1 1 1 1 1 1 1 1 1 1 1 1 1 1 1 1 1 1 1 1 1 1 1 1 1 1 1 1 1  ; frequency
12.0 1.0 1.0 15.0 10.0 12.0 15.0 16.0 18.0 9.0 5.0 19.0 11.0 12.0 13.0 8.0 14.0 9.0 2.0 25.0 6.0 16.0 18.0 4.0 17.0 4.0 22.0 12.0 13.0 5.0 24.0 12.0 16.0 8.0 10.0 15.0 21.0 5.0 9.0 5.0 9.0 20.0 14.0 24.0 23.0 12.0 13.0 19.0 21.0 5.0 9.0 23.0 8.0 5.0 8.0 10.0 9.0 21.0 12.0 8.0 4.0 14.0 19.0 23.0 4.0 9.0 1.0 21.0 20.0 24.0 22.0 25.0 19.0 14.0 11.0 22.0 25.0 5.0 10.0 4.0 4.0 6.0 22.0 17.0 22.0 3.0 25.0 22.0 23.0 16.0 13.0 23.0 1.0 11.0 19.0 21.0  ; service time for every client 
4.0 12.0 3.0 15.0 13.0 20.0 21.0 4.0 25.0 21.0 7.0 3.0 9.0 5.0 20.0 21.0 19.0 2.0 16.0 18.0 24.0 24.0 8.0 16.0 19.0 12.0 9.0 3.0 15.0 4.0 24.0 22.0 14.0 11.0 20.0 5.0 11.0 12.0 7.0 1.0 23.0 13.0 4.0 23.0 17.0 13.0 9.0 10.0 22.0 21.0 13.0 25.0 8.0 20.0 3.0 4.0 13.0 18.0 1.0 10.0 16.0 9.0 13.0 23.0 14.0 5.0 1.0 6.0 20.0 10.0 19.0 24.0 3.0 5.0 13.0 5.0 4.0 12.0 11.0 20.0 13.0 1.0 3.0 2.0 23.0 8.0 25.0 18.0 4.0 5.0 21.0 23.0 19.0 2.0 21.0 10.0  ; demand for every client 
; COST MATRIX
0.0 43.17749362804654 57.20383630491927 31.118384662446733 33.98441526641293 69.349772724934 93.64013736106969 54.742746460147586 81.80553752650245 94.77009769964363 85.74900137610933 99.46038962823341 22.113063107584164 68.7409642207614 33.36815158201005 84.6287328807421 71.21324406316566 71.90546933300693 51.765758228775134 38.27241121225576 23.942825438949345 70.19083462960103 20.554251433705875 38.466945459706054 38.27926724742782 46.22451169022772 58.85038253911353 78.65793413254634 11.871698151486164 41.36424119937413 83.14119269050691 31.673256163520666 23.048423742199816 59.07213225371165 48.71154680360704 28.652391191661472 36.784586554697064 88.46513687323386 49.4138360482163 66.17114764759638 16.763910910047215 46.716846650860326 92.27888146808021 83.24984867854116 19.43352139989045 45.7268742426158 33.85419951793278 19.372434436590567 37.22716548436102 45.85479386062051 31.693947955406255 75.88443576913517 80.87360212702288 103.43980514772831 89.14633769819152 30.78499377943741 84.55545130268067 26.415081222665208 28.088708496475945 59.30599383704821 29.17866811559431 22.09738341976262 12.044567447608902 15.93059411949222 33.601815456906486 13.230297124403519 52.03360539113161 38.46841131369997 28.19919505943388 61.59372698578972 69.46978810965238 58.90628415542776 22.430460762097596 16.284535608975776 65.09093919279395 16.331678205254963 12.487520370353757 27.60424585095561 93.08605469134461 97.99498489718746 47.822140688179154 41.16402956465754 38.36942483280144 77.17969998646016 3.1893894400025853 53.231513260473825 70.19107140512959 10.398850898055997 50.27652949438734 17.08466683901094 23.562294900964122 38.464851826050236 30.74556776187423 45.84053935110275 44.664357881872654 42.145945475217424 35.992372039086284 33.901443273111546 21.63104197675184 61.47656825978496 
43.17749362804654 0.0 16.64717934065709 49.700678667398485 14.010568332512422 26.17266285649972 55.47260733911829 78.06708536893126 70.10024406519567 53.16328366457437 69.01502706657442 142.6146679588043 28.216526575749892 26.085076384783694 47.05026087069018 46.438893020829 113.02034256716797 30.019938507598585 38.65488022229535 55.66741474148049 42.21608956310378 27.840672585266333 57.56161894874049 65.6569205263238 45.23977472313495 15.570773166416625 53.08461303428706 35.48643890276961 32.98555388348056 50.00833764483678 116.11610442139367 44.611979467403145 35.959400175753764 51.08831824399781 67.68570262618243 14.810737220003597 7.548869319308683 104.52664457448158 64.19384544487112 32.628530843419846 40.62210094271343 83.36511155753347 106.8796247794686 85.51583727591047 56.59924623172997 12.084396881930024 73.76780840583513 44.901185953157174 56.66007576768672 40.0560505791572 14.162227402495692 34.27995385061072 92.6496466102273 60.532625921894386 46.054223921373385 54.80371018462162 53.074325779985195 40.86964820010077 59.064368150349324 22.708361213438547 34.56102361041987 45.58898869244633 48.885125396177514 27.778829798967408 59.95374525415405 43.625144423829695 89.18673736604562 53.645739299593956 16.71785422833923 26.47483514585124 27.483448109725977 95.60774902171894 32.395117687701024 50.89122910679207 35.31690067092525 27.901016343495442 41.53010894519782 62.185195899024066 79.18390756965711 56.89307013160742 75.67227492285402 3.118607702164542 53.70469523235375 34.01602731066637 45.44738000149184 64.51334919224082 55.034684200056965 52.26274451270235 20.76878258348332 60.22644732175392 20.705245639692368 7.210139665776244 51.745336843043155 72.92423698606657 46.95452771565273 74.95525761412604 73.67383568811928 13.890159538320644 31.20941500573184 21.029471629120884 
57.20383630491927 16.64717934065709 0.0 55.985462255839245 23.603637961127944 16.52201334583651 38.83023132818037 82.40274977207982 81.59754316154378 46.805867431338136 78.91950492115369 156.30143489104634 44.66568329265769 20.752655974597555 52.23621827812577 29.79209507570758 124.46726172773306 14.782930697260268 34.629635646365095 72.26233013126549 58.80654869995348 13.5004773989663 73.33044314607679 82.27116467511567 48.3768183430866 13.80200177510495 49.120841126755955 24.27305176528077 45.92200480161989 52.65007679006746 132.69881887191008 50.154385052555476 44.409792354839944 46.498881588700606 71.38474066633569 28.827428692132777 20.745250444378833 104.46979947334063 66.76728436142959 18.081383381810145 56.84867724934328 99.52398989690877 122.58998468472046 81.22164094008444 67.643703698127 12.290000650935704 84.85643893659456 61.24521107809165 61.97652699207983 39.23633295811422 25.578174387551588 30.10299785735634 91.5661737379039 46.81098064557075 33.37318733654309 61.954117361156875 37.763758671509386 48.04243028823584 75.44539506822136 8.221966978770956 40.77885477793608 54.34743683008427 60.685 41.280701653436076 67.14904295669447 59.49670217751569 98.40750009018622 70.19524748157812 29.034085795836592 12.102261111048628 12.456057963898528 111.83274331339638 48.944687168271905 61.816269864817954 22.54714990858046 41.001586079077484 57.358392385072996 78.3313318219472 69.01795234574843 40.990783317716684 81.87332559509233 17.132655427574562 58.08313051136277 22.744492124468287 59.8214922665759 65.73159681614315 46.52375519022513 65.23276026660224 14.654120580915118 74.21703020870615 33.65676313907801 18.86632391325878 58.431993744865494 79.05979762180017 47.76560818203826 91.3968488297053 89.60793974308304 30.52906300560173 40.802169219295195 4.447503681842205 
31.118384662446733 49.700678667398485 55.985462255839245 0.0 35.720341613708015 72.00312996668964 83.33495876881442 28.741819740580105 107.83731006474521 101.66664610382307 110.05715395647846 109.25153826377 45.7748634951542 74.31415748025405 4.838757278475537 75.38031987859961 72.29777093382617 69.65096949791868 31.89968264732425 69.03041095053688 53.64950700612262 69.14875190486087 50.24607419490602 69.36520096561388 11.54865572263716 42.186199034755425 32.124107598499904 80.25456922817541 26.32594152162464 11.9241731788833 110.50060710240464 6.019159077479177 14.457203636941689 33.467956809461796 19.513376745197125 37.47379966056285 42.26098465487997 59.42132750115904 18.646729176989723 55.84057758476358 46.612023352349766 73.7127465571593 123.39708253034186 52.26116727552112 21.3840580339654 44.11324431505803 34.51801055970637 50.058668380211635 7.402763943284969 23.91598661983235 35.75331700695755 83.28138807680862 50.404772680769035 101.2816801450292 88.9913259200019 6.415831201021426 68.97663178932413 8.948824503810544 58.862174993793765 53.58789509768041 15.40779169770931 9.02402271716999 21.426573057771044 29.827263116149293 11.342971480172205 44.04796306300668 43.50174821774407 68.9320580354308 34.12047317960289 53.88254251610628 67.77192802333425 84.95903580549864 48.54898896990544 18.150052010944762 52.04842054279841 28.605669175881903 42.850561921636455 57.484894302764445 65.96139411807485 91.4673615941774 26.12009624790843 46.63102574466919 7.251259338901071 78.72267603429142 33.746130104057855 22.125883214009786 46.21238757086675 28.416940933182797 42.90721144516385 38.518344577616524 32.08764000359017 42.55538990539271 2.6720488393740127 23.331326237485943 17.729292061444525 71.54539129811228 63.260655964035024 49.02252812738241 19.708141591738173 59.02021274953184 
33.98441526641293 14.010568332512422 23.603637961127944 35.720341613708015 0.0 37.77469650440622 59.85912278007422 64.0594908893288 79.9484857455099 66.4540637207387 80.05236877194828 132.73116394426745 26.51163587936437 39.08868691833994 33.04754231406626 50.78810618638975 101.14524699164069 38.38454393372415 28.677590205594335 56.16770343355691 40.66881204313694 36.98230015831898 51.635157218701295 63.642954582577325 31.518506976060905 12.521317502563374 42.040253519692286 46.726043926273064 22.42600387942533 36.32478807921665 113.12436793635578 30.603032480458534 22.247415490344043 40.51942233053181 53.724684503494295 8.073213238853535 6.8201813025754685 91.07307319400175 50.390569435163165 33.06344280319277 36.79354209640599 78.34553273799342 110.27344421029025 73.8237540362179 44.32419146470695 11.749420964456078 61.58315615490976 41.44588791424307 42.6501226375728 28.02157263609593 2.863419284701421 47.78785934732796 79.5545550675761 70.37319501060045 56.61063341811325 40.95218388560004 52.743283667212076 26.941072157581257 55.37438324712972 25.38625049116155 20.552564511515346 32.08262372375427 37.1445406486606 18.127612363463644 46.13357676356777 38.35292741108559 76.07172757996231 54.675779738381415 6.11181356063812 27.942375006430645 36.04773203684248 90.73539016282456 31.07457135665752 38.507537768597984 33.271504594772985 17.654410440453685 36.19817680491657 57.39539497207071 71.61315251404592 64.05700612735502 61.74934296816445 10.918936257713016 39.72982664195755 45.19150438965271 36.775166947275714 50.99481786417126 47.01864311100438 41.64638242392729 17.35986823106673 50.84082338042924 10.601633459047717 6.835129040479047 37.81177660465057 58.98839618942017 33.87596386820602 71.31578849735871 68.0060580389718 18.36738133213333 17.850322125944956 27.707325601724897 
69.349772724934 26.17266285649972 16.52201334583651 72.00312996668964 37.77469650440622 0.0 37.8221364282876 98.834250161571 75.34241650624169 30.286998151021844 70.94304922964618 168.78267442483545 52.93413512092174 6.7839997788915065 68.4409491824887 30.449889490768268 138.74199890804516 11.155513659173204 50.764826445088914 76.92937403229016 65.8650628558115 8.3994774242211 82.98621806661633 88.62951438431783 64.81814179687657 30.06167553547207 64.98799744568223 9.329835421913941 58.95153719793912 69.1409536309704 138.9361822024774 66.27815360282753 59.69112986030671 62.24201444362159 87.85028180375973 40.85220018554692 32.94030954620797 120.78251607331252 83.28245318192782 29.340074062619536 65.58019557762846 108.00987934443775 122.61228458029807 96.59477163904886 82.01019159226492 27.889886572017456 99.26608618254272 69.51727699644168 78.21742553293352 55.716693126925605 39.061213217205626 14.725763986971963 107.74313312689583 34.805875825785506 20.077806453893317 77.80455840758945 44.60469970754203 63.76652683814604 83.3636753508385 22.465454235336523 56.649019232463324 69.63740156697405 74.57476465936718 53.846574357149215 83.0185402967313 69.06822442339168 113.74249971316789 74.52533830852431 42.18765564712028 25.163537450048622 9.964521513851022 120.0305905175843 56.582251218911395 76.21402370299052 35.19131168342549 53.870673728848054 67.04514565574453 87.02078337960421 81.27176368825768 34.421184552539735 98.03171844357314 28.332486671663677 74.44100921535119 7.898601205276795 71.60417066065357 82.23884644740586 60.61058297030312 78.32329156132293 31.117040106668235 86.39711514859741 46.5332831422843 31.620826127727902 74.37491454785007 95.22213484794383 64.28428423806241 98.86803127907423 98.77535823270902 37.83575611772547 55.592556911874446 15.168022811164276 
93.64013736106969 55.47260733911829 38.83023132818037 83.33495876881442 59.85912278007422 37.8221364282876 0.0 103.62488908076091 112.94720535276647 52.54841517115431 108.01283802400528 190.55817921569255 83.40466678190135 44.22714692358077 78.6559992435415 9.126095441096375 155.48696075555662 27.606360444651155 52.36945674723006 110.97065825253087 97.61691317082301 30.537139437085457 111.31079836655562 121.09143560136695 72.66257547045797 47.4354399579049 61.08526565383833 33.66627708850505 81.83472740835641 75.29795171848966 171.48587052290924 77.40860283586056 76.06037225783213 58.093702946188586 92.73197067354926 66.59847091337758 58.91021090608996 115.20601048990457 86.83701701463495 28.051073597992644 95.3797014044393 137.83414801855162 159.69757782133078 85.20659753798411 100.15832656848856 48.33745679077458 116.56240125357748 99.86027721271357 87.11890647270545 60.23453581625744 62.411816589488886 48.641428936658514 101.3756645551584 29.051829064621735 29.380146017336273 89.75047465612649 19.401026158427808 77.69706221601948 114.06079503492863 34.51296941730746 70.60499455420982 85.0987843920229 94.53199669953025 77.94728871487449 94.45598628461829 97.69404101069829 126.66682028455595 108.83519163395634 65.89917268828191 32.05035658147971 29.87122905071032 150.19829391840642 87.73678891434312 94.55106622878455 31.290848662188765 77.36722047482384 95.5356138829913 116.6940112259408 59.45274147589832 13.15629773150486 106.28777390179927 55.82211447983675 82.38740367920329 33.69026038783316 96.53506689281362 83.5951722350041 48.980257288013505 100.21811076347429 43.54400607431521 110.1284262758712 70.45959400961661 56.87298301478479 86.00663570911259 103.61061772328162 68.69091273232581 130.05120550383222 127.67980361043793 69.33794797223236 74.11623220320904 34.45022403410463 
54.742746460147586 78.06708536893126 82.40274977207982 28.741819740580105 64.0594908893288 98.834250161571 103.62488908076091 0.0 135.2855413560518 128.95486630600647 138.06967282136944 102.28819416237634 73.1694349438343 101.82452044571582 31.022044581232876 96.85035362351549 61.41042194937273 94.92868928832841 51.8182288099468 92.59054514365926 78.65700858791922 94.90759120323305 69.65559631501263 89.7013247449557 34.02593447651365 68.78570605147556 43.37769017594182 106.47798677661031 53.67069804837646 29.895708387659926 122.42856986831137 33.457019741752255 43.17933247515529 46.157132634079424 11.157802382189784 66.21493415385989 70.74030281247035 34.45403500317488 16.79171810744809 78.30210388616644 71.46016247532607 87.45086227705248 144.34753418399637 42.514927084495866 37.05312618389979 71.23459329567342 36.76432979125283 73.99437531326284 21.481051184706956 44.62560953085123 64.32806222015397 110.99818273287181 30.546261915330977 125.32623146412725 114.28999652200538 25.215860405704984 86.42831494944235 37.67994631100209 79.3511628459218 78.5383649244113 43.50692727600973 35.55950697071039 42.792154386055394 57.88318060542286 21.27356162000148 67.86192997550248 31.065644689914294 93.03991055993122 62.83798449982304 77.91356581494651 93.35943102868612 96.63045586666763 75.32061417699671 38.51430178518105 73.2791898222135 56.76210035754492 67.22932685220044 76.41716276465648 68.75136632824106 113.64191976995109 9.501996106082135 74.96388573173085 24.51898701007038 104.98032617590785 56.45026101799707 20.488965078793022 57.89172414948444 47.60665661438535 68.24966007241355 54.22039816342186 60.79203257829105 70.86678886474256 27.205620026016685 9.860389951720979 35.70178041778869 88.64703587825146 78.37715328461478 77.7080420677294 48.41841572170655 84.83208664768301 
81.80553752650245 70.10024406519567 81.59754316154378 107.83731006474521 79.9484857455099 75.34241650624169 112.94720535276647 135.2855413560518 0.0 72.03418357974219 9.533516297778077 156.2721248495713 62.17369097938452 68.75927213110971 107.56197399638963 105.78425183835257 143.54163460125426 86.2675735719975 108.15826550476852 50.79171005193662 58.66697282117085 83.3298504018818 75.93974965721179 62.90672095253415 108.85640044113161 85.67060497626943 121.97411645509058 79.7972383482035 81.73495928303873 113.50623877126755 96.95316982956255 105.0901181367687 94.00296076720137 120.3431124452081 127.30684111232986 73.71906988697022 74.00460824840572 167.22279123373104 125.99046232552685 99.67131971133924 65.43038239992183 84.63333688919514 58.327989207583684 153.60639226607725 101.20234434043512 82.16413014205165 113.35250630224282 64.4804030539512 115.1410957912074 107.91555933228535 77.9699694048933 65.20722881705679 157.29369255313452 99.68216797903224 87.6988847420536 110.14218536056019 118.56215190776524 99.63508073966719 67.82589892511561 89.71849321628177 96.53159483298718 99.89063597755298 93.70339181160946 78.03118310649916 114.09096618050002 69.94761153892246 132.30905645495324 48.755835517402424 77.45202047719607 93.66613292967742 84.4969817330773 91.66762067927802 60.02889587523662 97.79650915037817 103.86997776547369 79.28516404094779 69.82731005129726 73.22504219869047 149.20933574009368 106.99850405029035 129.28649879241064 72.42561497150024 114.24103143792075 79.50287431281964 81.03557989550022 128.11577237014964 125.13413940647851 91.21875900274021 90.7621544477653 90.76496943755339 77.36542111951566 75.34146152020148 108.6888105602412 127.09898650264681 112.81332866731661 73.76025440574348 82.17888425258644 61.7535116572329 88.96696837028898 84.35011182565201 
94.77009769964363 53.16328366457437 46.805867431338136 101.66664610382307 66.4540637207387 30.286998151021844 52.54841517115431 128.95486630600647 72.03418357974219 0.0 64.52936265763053 192.83296621947193 75.08203850455847 27.38672649295641 98.3275303971375 49.59727114469102 165.69622336070307 37.20085044726801 80.82641113522239 92.23459287057108 85.36026560408537 35.964272549295366 104.77434557180493 105.58793662630215 94.98115015622837 60.19123578229642 94.77431357176901 24.363144706708127 85.73341678132279 99.36418213823329 153.7574294530186 96.0846342450238 88.6970971621958 91.93927914118102 118.02742468596018 67.73372168277777 60.639125999638225 150.88395077012 113.54166238434244 57.27755480989041 87.18772694020645 127.2034224578883 127.59961704096138 125.719180895359 109.67838091438075 57.751299916105786 126.75779542497574 90.27738482034135 108.11717036622814 85.99144753985713 67.1861244082437 18.97176433545388 137.7115566138151 29.558963598204862 23.248828207030133 107.2472062106981 67.03514317878347 93.17006052375409 102.80911450353028 52.27711752765258 86.25891432773774 98.52315780566516 101.82579976116072 80.3923908401784 112.45598698157427 91.47001023286266 142.33446222190886 89.54369561839627 69.88112649349608 54.38546785677218 37.75555484958472 138.4224332288665 77.64172538010732 104.01306803474263 63.40372784781665 80.70947736790272 89.70862523191401 107.33357995054484 107.10364462519472 41.76180816248262 127.77957718665374 55.95153363403009 104.48998797971029 25.584650789096184 96.51649859479984 112.52381512373282 88.86811388231439 104.55640748419009 61.39530369661836 111.30058420781089 73.75002978304484 59.793277782707314 103.9422185880213 124.98166163881803 94.5707883492572 116.93291924004977 119.26577085232796 60.99850858832534 84.20068470624214 45.1542720127343 
85.74900137610933 69.01502706657442 78.91950492115369 110.05715395647846 80.05236877194828 70.94304922964618 108.01283802400528 138.06967282136944 9.533516297778077 64.52936265763053 0.0 164.20266581270843 65.02361990077145 64.21037571140666 109.36908289365876 101.3095330756193 149.88207334101034 82.04816605506792 107.58510481474656 57.54949192651487 63.499321673542326 79.16848628715849 81.88066636880772 70.3250491503561 110.08576184048508 84.45361596758306 121.77517941682534 74.47754107783098 84.40850919190554 114.82570784018708 106.23110189111286 106.85604194896983 95.896930347118 119.94741677918705 129.56928281425346 74.50450312565007 73.7402544408412 169.16057881492367 127.81589294762996 96.84394919663283 69.88719288968474 92.51366659040166 67.68501849006175 153.86287932441664 105.1726577823343 80.89546269723662 118.23278673870459 69.50485120479001 117.43541168233713 108.05126461545927 78.3372633170192 59.600471214580175 158.6938074721254 92.90665445488821 81.6383924511011 112.85385696997689 115.00565242630468 101.56959143857969 74.34299963009296 87.13196965523046 97.84624294269045 102.51625063861827 97.40739960598476 80.28755751671613 117.06288476284873 74.60278713962367 137.09040435055985 55.29557063635387 78.24603538199236 91.01565501055299 80.47488523135651 100.08377799623673 63.479182327752156 101.37142394679086 101.43253018632632 81.47212069168202 74.23271377229854 79.79834089753997 147.46413165580302 101.21824620096913 132.58177372851821 71.59740308838025 116.1564027895148 74.34104538543966 85.30184168000126 129.57413362627588 123.79455058281039 95.54655058661197 89.2789151871818 96.03864607542113 78.72267288399195 74.860451808682 111.11943370986015 130.27727175912153 113.57375408957829 81.51367162016444 89.36556600839052 62.362427831186956 90.73547254519592 81.26609902044025 
99.46038962823341 142.6146679588043 156.30143489104634 109.25153826377 132.73116394426745 168.78267442483545 190.55817921569255 102.28819416237634 156.2721248495713 192.83296621947193 164.20266581270843 0.0 117.75170370317365 167.83341030021407 114.08601169731547 181.91284772659682 41.24259008597787 171.07911153907716 141.0230210497563 107.65156898531485 108.61282136561962 169.50890536193077 88.43638428271477 94.12365059856104 120.77353056030117 144.22860463167493 139.75716171273658 178.1010132621373 110.38957988868333 119.935816022571 74.04039330662688 114.6695113489196 114.5033825264564 141.7262850567953 108.86678728152127 128.0921686052664 136.19419394746606 124.72601583069991 114.6554464907795 162.50732085663094 105.78339345095712 71.6906217158144 123.65780986253962 144.4645893290117 90.45028013776408 144.37885421695242 74.7602166931049 103.11204089241954 107.98399587438873 133.11741108134578 130.74244294795778 174.31517174646618 129.04271228550647 202.84594564841566 188.60590566045383 103.1467556881941 177.91924755348987 113.28076767483526 92.48069663448692 157.33390562749022 120.11206651290287 105.7481370285075 96.17397686484635 115.19892433525585 99.47193279010921 101.38185005709849 71.28642034076336 110.21758556600665 127.32765775352972 158.96753385833222 168.69613042687138 65.5387479434876 115.32897955414329 96.0099972971565 159.86832784513635 115.36229925759976 103.1244101171008 87.26100573566637 170.2280281416665 196.51419397081727 94.33575899413752 140.62009976173394 112.70559477239806 176.629113673256 97.18523510286941 119.88497619385008 154.62453547222057 91.08772056100648 147.30047565775203 82.38993375406973 122.75114491523082 137.8008254147993 106.68329721188786 96.00811209996789 126.53282297491035 82.70510350032819 75.99381116906824 132.1485910972947 116.62940467137778 160.43748767043192 
22.113063107584164 28.216526575749892 44.66568329265769 45.7748634951542 26.51163587936437 52.93413512092174 83.40466678190135 73.1694349438343 62.17369097938452 75.08203850455847 65.02361990077145 117.75170370317365 0.0 50.78463446752374 45.90256485208643 74.30471205112096 92.58155260093666 58.17986593315595 53.51608394679118 29.668084198343518 14.394721602031767 55.88273617137944 30.181154716146963 37.81930323260861 48.18373386320326 38.13918547897949 64.9181692979708 62.14609408482564 19.562068730070447 52.547098207227386 88.08729798330745 43.5184060829438 32.42061913350823 64.09028616725003 65.18007216933715 18.451885892775294 24.83951448800882 105.19498471885434 64.16566780607836 58.49235451749229 12.646810862822292 55.25644575069953 84.25025807082136 94.26652855070031 40.938381526386706 36.022263393629224 55.961793439810336 16.71665732136661 53.02083147216762 50.46936940362937 23.661242000368453 56.63772043435365 95.78147038441203 87.73987360943711 72.98997263323231 47.98674852498343 78.71145739344432 37.90494664288554 30.84958808477027 49.474863567270205 36.063831147009324 37.71736112190247 32.861917183877146 16.253345286432573 52.06405379914246 16.457914387916833 74.06723600891287 28.26685396360904 21.047920419841958 52.76546480416903 55.63902763348763 67.44089469305698 4.571149745961074 36.61116163139323 59.490677530181145 17.587097685519346 14.631167315016254 34.14222864723391 96.93483857726281 85.07692211757546 67.56813820137417 27.583346461225478 52.396616093026466 60.7942254001151 22.80556986790727 66.72524838470068 72.48106376840781 32.50181736457209 43.47310656026321 36.90284689559872 18.371045506448453 26.93267699282788 46.532698492565416 65.25365510069147 53.15890974239408 46.74844553565391 45.84323244493128 15.09840071000899 27.746850433878077 49.10314882978484 
68.7409642207614 26.085076384783694 20.752655974597555 74.31415748025405 39.08868691833994 6.7839997788915065 44.22714692358077 101.82452044571582 68.75927213110971 27.38672649295641 64.21037571140666 167.83341030021407 50.78463446752374 0.0 71.05546561665751 37.11689557331 139.0743742319195 17.93905220461772 55.37851320683862 72.9776566491416 62.951188741754514 15.165270851521244 80.96514110405785 85.1809941536256 67.96253236158876 33.302016230252484 69.86256277148728 12.634080259361978 59.00900122015284 72.45409250000995 135.18439432123813 68.78008422501385 61.32228835423544 67.2154894722935 90.98830062156341 40.85432658850222 33.43830202028804 125.1061357568045 86.71484415600365 35.54252446014491 63.36791021487137 105.28101854085568 117.03707100316548 101.84854756450873 82.67530884127376 30.609583499289887 99.8527143997598 67.0467389960168 80.84015915372756 59.71036514709987 39.91804886263856 9.383296755405333 112.28303240026962 37.893376795952086 23.176155354156567 79.86332226998825 51.36891270992603 65.78707461196309 80.5799991375031 27.80373832778606 58.908054330456366 71.16954643666067 74.96604407996996 53.74037529641935 85.07107440252533 67.17642330460887 115.07220614900889 70.48334935997295 42.73965002196438 30.902343115045493 16.66905546214301 117.11896799835628 54.079758468395546 76.95147022637059 41.22006454386018 53.935194048042504 65.23681240679988 84.52956522424564 87.59598136901029 39.78027969987139 100.43318623841424 28.73274661427271 77.31745727841805 11.73954206943354 70.76810632622579 86.03062362903108 66.40458704788396 78.16009351325009 35.29133434711699 85.62418049242865 46.7888422703533 32.4818080777533 76.57125981071488 97.6396139381962 68.01492239942644 95.77604382098897 96.40194201882034 35.85512975851572 56.87747171771966 20.54911708565601 
33.36815158201005 47.05026087069018 52.23621827812577 4.838757278475537 33.04754231406626 68.4409491824887 78.6559992435415 31.022044581232876 107.56197399638963 98.3275303971375 109.36908289365876 114.08601169731547 45.90256485208643 71.05546561665751 0.0 70.78236586184443 77.07608081629475 65.61874808315075 27.070822244623457 70.62438389111796 54.89656865415178 65.23674346562679 53.15287657314513 71.82859375624724 6.764181916536545 38.448682643232395 27.742478349996052 76.49912847869575 26.92870604020921 8.114525864152505 114.15126933153218 2.5389919259422644 13.56274282731926 28.91823564811657 20.804270811542516 35.74231896505877 39.759608297869335 59.79177048725016 18.453762678651742 51.28986891190111 48.02763788695005 77.31875511801778 125.41715243538262 49.98425877213745 25.752938667266694 40.60269193046195 39.344666029844504 51.75264542030678 9.789719607833515 19.07968857188188 33.42368275639296 80.1428994983336 49.88335150127745 97.06184138475841 85.00361112917498 11.161139099572232 64.1536540268752 7.998776406426175 61.40404583575907 49.428664406394795 12.503245218742213 11.76342917690246 24.801158380204747 29.681609070264372 15.82317774658428 45.88944116024949 48.061711684042216 70.34608075081368 32.2026009198015 49.54558959180928 63.81124346069429 88.75665057335141 49.032733658241 21.97385883271302 47.36526682074112 28.37811475415518 44.51534172619592 60.38512652135458 61.852819515362434 86.97132452136164 29.63908365655052 43.944590952698604 6.862241179090109 74.97511716563037 36.202297288984305 20.86248019771379 41.56976455309796 31.928599468188388 38.7868009766209 42.31601135504149 30.777728717369644 39.84706807282062 7.464041867513874 26.825249672649832 13.157626115679074 74.64319406349115 66.76209431256632 47.632685122717994 18.63972481020039 55.09433387382045 
84.6287328807421 46.438893020829 29.79209507570758 75.38031987859961 50.78810618638975 30.449889490768268 9.126095441096375 96.85035362351549 105.78425183835257 49.59727114469102 101.3095330756193 181.91284772659682 74.30471205112096 37.11689557331 70.78236586184443 0.0 147.2997022977304 19.611193155950506 45.137390465112176 102.01505977550569 88.53790655419859 22.576267738490344 102.19611869831456 112.0175642031195 65.01228871528828 38.405315699783024 55.197106391549184 28.003134413847317 72.84820747279922 67.93876243353274 162.3906880489149 69.40283006477473 67.48375242975156 52.162163183671744 85.82532992654325 57.477391259520466 49.784969910606556 110.56098008339107 80.07608578096209 19.60744195452329 86.25697668015034 128.70953317450886 151.26896830480467 81.60132186429335 91.6056795892045 39.230544592192444 108.1766592569765 90.74189883951074 79.5316750043654 52.79378259795371 53.31988945975038 42.7036151279959 96.77082925138133 30.886913377675018 26.598220880352137 81.78985368002563 17.66066074641603 69.37592568751786 104.94115574930552 25.4170973165702 62.189847483331235 76.69697413196951 85.79440598314089 68.89390393931818 86.60550292562245 88.56977049196864 118.84390835461447 99.90958512575257 56.81252911990453 23.09387089684187 21.64545201653225 141.07288134152503 78.65054802733418 85.94835165958682 23.677189360226016 68.33457187983254 86.41158094838909 107.5680622582744 58.49320617815372 16.892428836611984 98.98708467774975 46.72628464793665 74.87463587223647 27.67587644501977 87.50298944607549 77.17293018280438 44.491274313060536 91.36517661012867 34.688770358719836 101.19050599735135 61.38460381887302 47.74698383144217 78.04542087784523 96.2671851099844 61.47432831678603 120.93369382020877 118.56313848747425 60.31992000160478 65.34608611079932 25.450010176815255 
71.21324406316566 113.02034256716797 124.46726172773306 72.29777093382617 101.14524699164069 138.74199890804516 155.48696075555662 61.41042194937273 143.54163460125426 165.69622336070307 149.88207334101034 41.24259008597787 92.58155260093666 139.0743742319195 77.07608081629475 147.2997022977304 0.0 139.08052485520753 104.07664754881375 92.76665643430294 87.6768471376566 137.96254007519576 68.09612730544961 81.7597325643865 83.46353333642185 111.33762615127017 100.86332418178571 147.8294708912942 80.06817490738752 81.84582051638313 86.17344391400404 78.13537924653595 80.43423033137074 103.09042935694856 68.78877712243474 98.22296648442259 105.8637604187571 83.99423792141936 74.7867975313825 127.69228241753689 82.66091422794693 64.50335316090164 126.68089812201364 103.32204640346609 56.837640943304464 112.19240620469817 39.612179402299994 81.58397436997048 69.66457248846073 96.05024440364532 99.68796714247914 146.73703794884236 87.81972532979137 171.2028073513983 157.73144982849806 65.9150800651869 141.14534245592378 77.95455816050784 75.71575221180859 124.01198200577232 85.22487576406316 70.78191771914632 64.17935715633182 85.36342482000123 61.54456001955006 77.76646974114229 30.813066903507025 94.7953252908602 96.5705293554923 125.0089126822564 136.8823441134758 65.8053454439683 91.50884322293665 62.66419304515139 124.25200708640484 85.13921848948345 78.91463948469891 70.32662435379649 129.8890520405781 162.91484869403402 53.9745836667593 110.53781705823577 74.49979253662389 146.30073820729683 69.89502575291034 79.85844763079234 115.8674003031051 61.174545768644656 113.48360900147651 55.84193367891194 92.33350824592337 107.12138707092997 69.63248527088489 55.91740124505072 88.60354230503428 73.0399596522342 62.58746955261892 105.08749593552983 83.67182826375912 128.23425219885675 
71.90546933300693 30.019938507598585 14.782930697260268 69.65096949791868 38.38454393372415 11.155513659173204 27.606360444651155 94.92868928832841 86.2675735719975 37.20085044726801 82.04816605506792 171.07911153907716 58.17986593315595 17.93905220461772 65.61874808315075 19.611193155950506 139.08052485520753 0.0 44.5511653831861 84.33466345459618 71.93500573434328 2.9660171948254126 87.5068257223401 95.21290774364577 61.10982684478823 27.84532774093349 57.95004905088519 12.83844297413047 60.69332837305926 65.03544948718353 145.7120861493651 63.70246667123652 58.80424944678743 55.04597980779341 83.79258668879962 43.383916893245136 35.237651340576036 114.33185548218833 78.7455540141791 20.089507535029323 70.63993970127665 113.38183828550319 132.11063706227444 88.52769309656725 82.2964237983644 26.928576122773368 99.47119324206382 74.88962123018116 75.20871551888119 50.61510067163751 40.34232850245508 25.02776857812139 100.96169489960042 32.122837561460855 19.406596430080167 75.7938877878685 33.51872857075578 62.098762660780935 89.02033118900424 16.390800010981767 54.753581261868156 68.683105244303 75.43147073337494 56.00058479158945 80.94030858601911 73.59267877988951 112.57978579656296 82.07947281141614 43.78074126827914 17.58381039479213 2.5411438369364308 125.61084881888189 62.24093419928721 76.47267153696149 26.208258259563912 55.75371123970134 71.48063800079011 92.20475489366045 71.12909110905326 26.90051205832335 95.1698167487991 31.218921089621276 71.03866238887103 11.66094138566866 74.47326291361216 77.05369621244655 51.716796546189904 80.01515308989917 26.854965462647684 88.94584080776347 48.3899975718123 33.46157249741859 72.18154349277937 92.36062234523975 59.491795442733114 104.84803040591656 103.67491237999673 43.396037514962124 55.41859562457353 10.848763293574068 
51.765758228775134 38.65488022229535 34.629635646365095 31.89968264732425 28.677590205594335 50.764826445088914 52.36945674723006 51.8182288099468 108.15826550476852 80.82641113522239 107.58510481474656 141.0230210497563 53.51608394679118 55.37851320683862 27.070822244623457 45.137390465112176 104.07664754881375 44.5511653831861 0.0 82.74140797085822 66.6017487533173 45.13072661723939 72.18777897262112 87.9538957408937 20.62067588611004 23.743954262085328 14.721143977286543 56.960932339630816 40.85292902595847 22.930484796445107 134.8862831758663 26.35356129634096 29.268102569179305 12.466239288574561 40.733985626255624 36.129471737073594 34.170527490807046 70.05805059377543 35.11597249116134 26.55056176430171 61.221677860052154 98.44892056289902 137.7443558262915 47.24316102887274 51.36343427965073 27.25659056081666 66.26789709957606 65.76808165820256 34.86164461123428 8.027858058037648 31.10617382449986 64.73220380150826 56.98315333499893 73.69519368317042 63.495317780132424 38.20721006564076 37.08763427343405 28.42014561890914 78.40934232602643 28.57591044918779 22.93646127893316 35.89419876526011 47.82629402326716 39.80902181666865 42.56900920857802 61.13643143821857 74.5730793316194 81.61596251959539 32.81036666969755 26.995002444897093 43.41472474863799 110.54852100322283 57.870546299477766 46.44123302626665 21.48628422971268 38.59936274085364 59.18613959365824 78.9979509607686 43.41875711026284 61.85568502571125 53.93236209364466 35.990194011702684 30.079486115956172 55.565774043020404 54.95478814443742 32.7579733958009 19.063934641096516 54.6617537680598 20.22209843216079 65.37210929746722 35.18284792338449 32.82821038375379 34.53433922923675 51.24475490233122 16.35006703350173 93.55072235423948 87.71034289067624 46.999334346350054 30.208923780896267 35.68415244895134 
38.27241121225576 55.66741474148049 72.26233013126549 69.03041095053688 56.16770343355691 76.92937403229016 110.97065825253087 92.59054514365926 50.79171005193662 92.23459287057108 57.54949192651487 107.65156898531485 29.668084198343518 72.9776566491416 70.62438389111796 102.01505977550569 92.76665643430294 84.33466345459618 82.74140797085822 0.0 16.235647507875996 81.6990136660168 25.889531784101468 13.93018395427713 74.4627356803388 67.51364843496461 93.1705637258893 85.43846081244675 44.20485341000465 78.2411991855953 62.23620099266986 68.58985254394413 58.251605308351806 92.66876963141358 86.98235878613548 48.09774960432141 53.90113768743662 126.62274166199373 87.54829243908759 87.52188817090271 22.635629812311386 36.733832212280824 55.30796077419596 120.51627078946643 55.8391641950343 65.11933771161989 64.78055159536696 18.98079882407482 75.4359999602312 78.94024324766171 53.32318768603393 76.09331379300023 119.12079770132502 110.85941513917525 96.14827686963505 69.05735745016601 107.9188432341637 62.960266899053096 17.079323317977213 78.06514859397888 63.23313787089805 60.0496175008634 49.893209087009026 43.416870234967426 71.70158080544668 25.067139326217504 83.64576026314784 2.7348749514374497 50.681764550970406 81.59280581031639 81.83826298254381 46.755238476560045 25.127447343492733 54.16013005892803 88.92924327239044 44.73539660045499 26.180790687066732 22.44011749077977 126.07529557371659 110.90195291788147 84.9976903215611 55.83562756878444 76.23308212318325 84.31499099211243 36.2115617034118 91.11676205836115 101.79172424612916 45.2126139036442 72.94183426539257 41.80818849220808 47.633802462117174 55.97745097805009 68.89638098623179 83.3029576665799 80.23929289942677 25.720779537175776 31.955090564728497 41.79482001396824 54.614983044948396 76.56621856275783 
23.942825438949345 42.21608956310378 58.80654869995348 53.64950700612262 40.66881204313694 65.8650628558115 97.61691317082301 78.65700858791922 58.66697282117085 85.36026560408537 63.499321673542326 108.61282136561962 14.394721602031767 62.951188741754514 54.89656865415178 88.53790655419859 87.6768471376566 71.93500573434328 66.6017487533173 16.235647507875996 0.0 69.51245404961617 20.362634849154468 23.48406610874701 58.440481834084835 52.50081958407887 76.93918445759611 74.87664834913487 28.175548424121228 62.3459748500254 73.9003905267083 52.7707510842891 42.21669163968205 76.43440712794207 72.19048935974877 32.6772704643457 39.22940532304817 112.16673449824596 72.2808971789919 72.88620152676363 7.198619381520318 42.339605725608735 71.53448905947396 104.60905278703177 42.93359011310375 50.41696224486358 54.77696819832218 6.1097445118433535 60.35498454974535 62.70562674912037 37.8055721951143 67.69696869136757 104.00513841633018 100.54889851708968 85.74090275358664 54.305975877429915 93.08405301124355 47.10090396160141 17.646499511234516 63.838925938646554 47.050041668419375 44.7941998030995 35.97661152749102 27.181657363008608 57.45402182615243 11.303695855780973 73.6947357685744 15.534505367085236 34.944551735571025 67.15487277927046 69.39721148576504 54.19998801660385 9.909708371087417 40.22677021586496 73.8089070573464 28.502005841694718 11.481658808726202 21.97355831448334 109.8865832210648 98.81460939051472 71.72723841052296 41.8270697515377 60.76398541899634 73.60402491711984 22.641534157384296 75.58941519816118 85.6632337995712 32.66835401424443 57.79404900160569 32.62643524812356 31.61883497221237 41.32312384125866 53.75849384980945 69.7780072085754 64.10741474275811 33.01967852659987 33.90712693520346 28.54011215815383 38.43049415503266 63.22281411800648 
