1 ; number of test cases ; for now it is ignored
4 ; number of periods
4 ; number of depots
8 ; number of total vehicles
2 2 2 2  ; number of vehicle per depot
190.0 190.0 190.0 190.0 190.0 190.0 190.0 190.0  ; Maximum allowable load of each vehicle 
 ; t(total period) lines containg  v (total vehicle) values each referring maximum time limit (route duration) for that day for that vehicle (NEW)
460.0 460.0 460.0 460.0 460.0 460.0 460.0 460.0 
460.0 460.0 460.0 460.0 460.0 460.0 460.0 460.0 
460.0 460.0 460.0 460.0 460.0 460.0 460.0 460.0 
460.0 460.0 460.0 460.0 460.0 460.0 460.0 460.0 
144 ; number of clients
4 4 4 4 4 4 4 4 4 4 4 4 4 4 4 4 4 4 4 4 4 4 4 4 4 4 4 4 4 4 4 4 4 4 4 4 2 2 2 2 2 2 2 2 2 2 2 2 2 2 2 2 2 2 2 2 2 2 2 2 2 2 2 2 2 2 2 2 2 2 2 2 1 1 1 1 1 1 1 1 1 1 1 1 1 1 1 1 1 1 1 1 1 1 1 1 1 1 1 1 1 1 1 1 1 1 1 1 1 1 1 1 1 1 1 1 1 1 1 1 1 1 1 1 1 1 1 1 1 1 1 1 1 1 1 1 1 1 1 1 1 1 1 1  ; frequency
25.0 13.0 20.0 16.0 4.0 2.0 7.0 15.0 10.0 4.0 19.0 10.0 15.0 4.0 17.0 4.0 3.0 9.0 25.0 14.0 23.0 7.0 7.0 1.0 10.0 15.0 1.0 2.0 9.0 10.0 2.0 23.0 15.0 13.0 16.0 21.0 1.0 18.0 17.0 13.0 5.0 23.0 20.0 1.0 2.0 15.0 20.0 9.0 13.0 4.0 15.0 5.0 8.0 19.0 16.0 11.0 23.0 14.0 24.0 5.0 5.0 23.0 3.0 10.0 23.0 23.0 20.0 5.0 14.0 1.0 10.0 3.0 4.0 23.0 21.0 3.0 21.0 25.0 5.0 11.0 10.0 5.0 3.0 13.0 19.0 13.0 8.0 13.0 15.0 10.0 4.0 23.0 23.0 14.0 20.0 3.0 5.0 16.0 21.0 4.0 2.0 11.0 15.0 16.0 3.0 21.0 21.0 25.0 12.0 21.0 6.0 2.0 24.0 21.0 24.0 11.0 12.0 22.0 19.0 8.0 9.0 10.0 5.0 14.0 7.0 5.0 22.0 5.0 1.0 9.0 16.0 14.0 21.0 8.0 7.0 24.0 24.0 16.0 4.0 7.0 13.0 25.0 10.0 24.0  ; service time for every client 
9.0 22.0 10.0 24.0 25.0 6.0 22.0 1.0 19.0 19.0 5.0 9.0 8.0 14.0 4.0 7.0 10.0 22.0 17.0 10.0 8.0 14.0 12.0 17.0 19.0 25.0 25.0 6.0 21.0 3.0 19.0 16.0 21.0 17.0 19.0 6.0 10.0 22.0 17.0 16.0 5.0 1.0 21.0 20.0 6.0 1.0 11.0 22.0 25.0 18.0 9.0 23.0 17.0 4.0 1.0 14.0 11.0 7.0 21.0 3.0 18.0 5.0 6.0 22.0 13.0 17.0 5.0 7.0 1.0 3.0 10.0 5.0 1.0 17.0 14.0 4.0 10.0 25.0 11.0 16.0 25.0 20.0 3.0 7.0 2.0 6.0 14.0 14.0 2.0 15.0 22.0 4.0 22.0 19.0 5.0 10.0 4.0 7.0 11.0 14.0 2.0 12.0 12.0 24.0 8.0 4.0 25.0 6.0 9.0 23.0 15.0 7.0 6.0 5.0 12.0 3.0 22.0 18.0 16.0 5.0 1.0 8.0 20.0 17.0 11.0 8.0 15.0 16.0 6.0 24.0 10.0 4.0 10.0 17.0 5.0 14.0 16.0 11.0 25.0 4.0 12.0 19.0 6.0 23.0  ; demand for every client 
; COST MATRIX
0.0 64.44037284187607 66.12641234030468 49.46998707297183 15.203502392541003 78.52489453033348 16.39380312801151 65.68805378453528 26.139950152974663 65.03834549709886 90.16315381019012 78.94635587536641 121.17944055408078 33.85553479122727 13.01350855841729 33.391203108004355 23.371211564657912 18.90293654435733 41.01231914925076 55.83888065676103 4.006384155320104 56.53645544248419 49.68511119037573 66.9251984307854 61.199359481942295 53.610973951235025 55.45158072589095 56.80284705012593 60.7896243202736 8.375484463599705 50.52739550976282 27.76015320562911 80.52727921021547 124.81631939774542 56.13548576435408 65.52510624943694 75.07729330496672 92.1281413955584 21.58422836239461 131.17151895514513 55.79715585045532 63.106854057225824 3.5286327380445823 48.87018294420433 38.61814823369966 55.55442273122816 48.96583417036822 61.98098122004846 6.093548063320745 51.86727535739659 110.46597733238954 74.76875048441026 137.1080180769892 54.654312373315975 55.8538297433578 45.57439532237373 85.5339600041995 94.83217281070809 125.212027701016 81.21469769075053 143.5023634718258 53.29630295808519 87.71304933702852 92.30242762787987 111.29000061550902 3.778455372238766 41.2380790653493 88.11466893769732 72.43384033723464 71.17684967740564 114.5552864428351 59.435268056937375 59.14666078486596 58.07829815860654 10.591212678442448 68.4936185056681 17.920083537751715 57.33215025620441 75.07643105529192 114.61556602835411 113.31283416277259 26.591428036117204 57.75858226272525 14.802923022160183 60.77032345643718 87.29897541208602 81.33308760891843 51.19639460938632 131.4510094331725 57.72546035329645 10.879382427325552 43.11366600046903 124.89285273785687 85.9622533208617 5.762828645725986 47.2739167935131 83.75633958095351 71.37978815463099 13.800879573418499 66.22153395988347 81.66302649914464 121.20327763307394 52.520240136541645 79.38294130353196 76.73781445936547 72.78368899691742 67.4524697323975 48.389657830986984 73.1071186205557 53.021606350618995 10.848746010484346 42.02696393983272 9.785866134379727 45.750516073592 106.05116516568783 37.022224095804944 82.26641196138311 55.60748802994071 77.55329602924688 126.88904775826794 70.91330691062151 46.03825327920251 52.01380958937731 89.0762549785295 34.44234418560966 57.903849440257424 59.17008446842036 68.78972586803934 89.63245279473277 78.890285060963 31.927344048636428 63.652536453781636 11.634439952142086 55.36459383035335 109.18339663153918 19.474921745670763 9.497901083923754 91.9801220101387 65.11703881473727 92.523080693414 92.7788346229893 62.73057691429276 16.934746883257514 122.21269260187339 53.00009359425698 86.15909499292574 42.64707287727963 42.64426471402691 
64.44037284187607 0.0 98.2678898572672 56.64539332549471 79.64177341697007 108.77995791964621 74.15249639088357 9.199609230831493 54.2984294616336 9.812556496652643 94.66164030376824 15.767341754398549 152.17312151953774 62.54840109866918 63.30078461599035 44.72142042690505 87.80148327904261 69.2133298288704 64.78769199469912 51.86719372589961 65.87377330926171 46.268730715246555 28.643927279617227 120.39097704147102 62.192748620719435 40.33512241211126 82.9404655219634 12.244193603500399 34.770347438586235 72.8158214126573 114.13995772296396 61.209940581575474 67.68375451317694 122.79282588164506 112.19733174189126 87.24224564395394 49.63181949112888 38.33276443201038 63.876289826507616 73.83356879495938 8.730361103642851 112.19108367869525 67.39389643728875 104.99720987245328 66.1319132718841 101.40082179647264 51.95365334603526 105.30289409603138 58.966114099540256 20.639067929535965 149.92639551459908 101.11034341253125 85.67777121867725 65.7881668767264 12.611610721870543 92.444480879066 77.90697813418257 47.89950200158662 64.20451044124547 19.21197920569351 86.86800581341787 32.67865690324497 68.00152071828983 135.49790555576865 53.43581620037257 67.92654144736062 57.16486726128208 113.69180002972949 55.45559796810418 72.98873624060086 50.21602740161751 28.699221191523648 120.29352066507988 17.015223330888134 71.81453954457969 58.97479220819689 63.48642980984204 49.9382312962724 12.598572935058952 81.91869444760458 128.854007349403 37.879326934358275 23.691999008103984 71.25855082725161 82.75693996880261 72.47080846796177 23.33727610497849 72.6502130829635 67.62159555201282 59.17370568926709 54.297116258600695 88.6655451457893 162.85178491192536 87.08813673514895 59.13927738821299 59.90058344457089 57.19894068949179 98.9043118018623 78.04557699831552 77.47495794125997 104.60373420198725 68.9308169471391 86.29790108687466 55.23144301935267 28.267339811167233 98.78497912132188 126.21972375583779 50.49245619892144 22.6125508733535 68.92779903638299 55.95152031893325 23.708945358239788 55.69619394536758 110.01043960006706 49.41095098255041 47.19854181010257 124.21873752779813 118.81464076872007 23.438862109752684 88.98099170609419 6.4864357701283035 92.5254195613292 114.86261832293393 50.02006442418882 83.08855447653426 82.35787471760062 44.5447814676422 104.55025046837527 28.932214605867973 38.13109399164939 75.15131350814835 43.13533619899119 57.62729322985768 87.42347516542682 143.02676023737655 83.27826326839437 61.43329192709764 103.86962921374082 13.370526541613833 134.28558792737218 119.24141499495887 77.84288527540588 80.05262908861894 159.8913240454278 45.59548377854982 120.19446344154127 64.82934425859945 85.6443729908743 
66.12641234030468 98.2678898572672 0.0 42.31554619758559 66.13486809543056 12.459281038647456 79.64511024538794 92.87740173476 49.74878001519233 91.89843942091727 40.35690458893001 113.49771013108591 56.603169257560126 99.57724845063757 53.939333069662624 93.70801137576231 66.36059165649444 84.57630746846306 34.14805360485426 49.68930573071031 69.72172488543295 55.63815788647213 101.93149254769106 40.22686351183746 42.08368721963417 59.98336010094799 15.327740211785951 98.78323822390114 68.85784041051535 65.56850351350106 66.91541474129858 43.21004773198012 55.768239993745546 70.17170430451294 42.170522844754956 15.25973348391118 67.66132899226854 135.9229388293234 46.217527335416804 171.94998394882157 92.81955101162686 28.73614883730942 63.835802321267956 103.1958273671954 33.80346032583055 21.278874500311336 47.01081366026332 17.395045386546133 69.58771162353308 77.66320212301319 51.65931541358247 10.437931595867068 129.90795837823023 119.63090186068146 85.65848166994323 107.81470602844495 51.468976218689264 95.52050894441466 135.76113884319034 117.29353334263574 184.99770489657433 66.97927776558956 64.84277323649877 38.611446346905986 151.6507116369719 67.24702076672246 41.261464855237506 22.24516165371697 59.130529686448774 38.986530148244796 141.64016515452104 73.32347064889932 102.01083440988022 103.33893652442916 57.55801776468679 130.09293995063683 84.02117014776694 117.9699708993776 101.81706409536665 92.001415016292 49.16749036711148 75.32618940315513 106.88238172870213 79.36157461265495 17.331997288252733 59.643349545443876 121.395407083629 25.714157501267664 160.13905463689986 43.088917647116645 71.72394791839055 106.34089102974451 64.7757135043683 42.15102120945589 69.16251696547776 38.53375335987918 70.54919504147442 7.358328614570027 63.17455058803347 28.54466838132824 17.923445316121565 118.85357541109144 13.970758497662178 137.34795993024434 122.88625897552582 9.62547978024992 55.01588356102263 48.35880273538625 117.57340134571254 30.161319152185637 61.82093028255075 77.7985740550558 63.94966324383577 79.76893336381025 147.67131215642394 98.49755661944106 27.688682164379003 66.78667259266626 120.26869349086654 105.99162462194832 103.45940160275431 24.753254048710442 91.88873851022223 84.77472355602228 97.8302027494577 16.415816671734614 58.81143699145601 7.233514222008552 127.05354112735309 82.7829166555516 97.38729100349798 63.228533210885104 76.19274108469914 11.644880119606212 45.78903468080541 71.83552470748717 75.34507352176384 34.1776531962041 107.15421061722213 36.79858263574835 26.666088445814466 24.983498894270195 73.13542901357727 61.834361968083726 112.71767549945305 22.24973008825051 33.754568194542195 24.297921310268496 
49.46998707297183 56.64539332549471 42.31554619758559 0.0 59.17695473746516 52.21792337885527 65.85969535307615 50.69712955385147 23.36185842350732 49.717015296576285 44.51351087029644 71.50809624790747 95.59647828241373 75.6102462434821 37.64451133963622 63.629279376714614 64.46296397932691 67.02538299032688 13.914406383313663 9.301854116250158 53.38385659541655 14.29323717707084 65.65472139153437 72.15953715206328 11.806872744296012 17.725942711179 27.193571482981046 58.927729194327526 26.971988209992972 54.40924109928386 81.04061364525813 23.259439567625012 31.304718653902636 78.20329663767379 67.40881014377868 30.607954521659888 31.356944573730395 94.814673178786 30.317270803949352 129.91864596738992 52.16175802252068 61.82662209760451 49.479478816980276 97.6832150986033 17.07272503146466 50.62608863027046 4.727034694181968 52.582530654201115 49.07004843078922 36.04845308747658 93.7778228207501 44.4650897896316 97.41114353091231 92.11364673054693 44.09207502488401 94.75795486395853 36.20447222374606 57.910762738889915 96.47985465370479 75.39332995696635 142.96021691715495 24.688583596472277 39.22038608937959 80.60330537267066 109.73985632394458 52.625910576445136 8.570491701180277 57.184665785505814 25.44711608414596 22.894722033691515 99.5071287948758 31.053799026850164 104.61538959923631 64.11294658647347 47.46107854863815 97.49054040777494 63.72578599750654 85.34439266876295 59.510987464501035 67.54324411071768 75.08521463643825 42.8670900808534 68.74750632568428 64.08507490047897 26.13594153651251 38.016986111473905 79.96445468456594 16.729367053179267 118.01128865494182 8.258475040829268 48.248486867465594 92.01984899465984 106.37798457387694 38.64887109606178 48.793649187163695 4.593137707493646 38.12285866773372 42.31047135166423 56.0180724052515 22.348647766699443 48.20503859556592 83.67447726756349 32.220308021494766 101.5683183330314 82.76995682613348 42.1410406254995 82.52182650668853 6.156825805559226 77.23329060709507 12.329947485695142 39.661817570555186 38.790596450686344 41.629506566857124 85.88375739335116 105.97005241104678 68.66940490495021 69.41599747896734 83.80631776900832 79.3942070682742 80.81851582403627 61.49014075443314 44.075693119904535 95.72838526267952 48.586198575315606 83.50437406507517 26.00877676862178 17.828939312252988 49.06026010937977 85.12803491799866 43.10843745718464 79.48569804059093 22.959180865178972 54.15507104602486 32.49065011661047 86.40162262943909 65.40793496205181 55.50877971996862 50.4791225359554 66.7250972348486 79.00634558059245 62.73075785450068 21.598702484177146 64.42128127412555 103.41196477197403 79.799802531084 63.7926243463929 12.680887823807922 36.89919156295975 
15.203502392541003 79.64177341697007 66.13486809543056 59.17695473746516 0.0 77.99821481290454 15.422619362481845 80.80015706049092 37.03872104973389 80.13302855876596 95.87768012420827 94.0794199865199 118.16130134692999 41.065233093214026 21.953814292737377 45.87685483988631 8.228128888149476 22.621270189801457 48.17944114453798 66.73675924106594 14.31069827087414 68.39805448256551 63.68878002442816 57.920836060954784 70.40393994656833 66.31622357311973 58.474953014089714 71.81907740983588 74.23435113207361 6.830221445897635 36.04972488105838 35.9727814465326 90.44959269117798 130.28874694692553 46.44702394126021 68.98027790607979 87.31216932936667 106.4719254733378 28.911912717770853 145.48024776580496 70.9915694431388 56.508109754264474 12.481761574393255 39.27490888595414 45.201689525945824 51.26231061901131 59.657581521546774 58.094252676146894 20.85560656034727 66.65731493242133 105.09833435882797 75.82987307123756 150.82519922081985 62.07494478451028 70.94749035730581 41.69191060625551 94.14204351404318 108.66713976635256 140.10991246160995 96.27801905938864 157.6439481394703 66.96632697109794 98.31705510744308 86.34146888372933 125.79927959253185 11.793956588015748 50.6145301272273 88.35520225204625 83.66305727739095 79.06613260429525 129.7380766043647 73.4650093718091 45.890388808551194 72.82048714475893 11.716208815141526 78.47116237829029 25.43480255476736 68.27026295540394 90.24085552010243 126.12786740843595 115.00597684033643 41.78023149768321 72.03752806697355 16.612724189608397 64.75502849972348 97.1114898299887 96.16458793651643 56.85980951427818 146.56120865358608 67.30820658731 25.680785988750422 40.38108845734597 119.56628334944598 92.73282239315269 20.62784091949519 56.12398063216828 95.60836173159751 72.38927231296086 3.268822417935854 72.45741249175269 83.17127995888964 135.184319305162 53.78121992852152 90.82108960478288 91.01999569874744 74.1400015173995 55.64871241996531 59.36560798981174 87.6534572621069 59.93843091873527 24.924195333049372 57.1359061974167 24.48665042426179 30.65535157195233 120.48113055578453 48.62224752106797 77.3103821359072 41.36576045475291 92.20912319288152 138.88375712083828 86.1129985193873 42.83242976997686 37.84915218337129 102.24640641117907 32.09620494700269 61.53738438542866 71.35722789598823 67.21697144323001 104.5608423694071 92.63242836069882 33.47296110295592 76.16996737560021 24.282082365398566 56.80826894915916 105.71919156425668 6.349448479986275 20.663794666033635 95.77494035498012 80.00927396870941 87.08259845686737 92.4493312090466 68.40197948159103 7.024171481391953 117.05512326250397 64.58398222469717 83.8100903531311 49.897758266278856 41.847053922588145 
78.52489453033348 108.77995791964621 12.459281038647456 52.21792337885527 77.99821481290454 0.0 91.80627121280985 102.87931419386504 61.89908097056046 101.89958117676441 38.52850093112889 123.72572811262822 44.49829625951987 112.02610198074376 66.39365776939843 106.07167124166565 77.71059781651407 96.89199323473534 45.73173406946209 58.57901252155075 82.08652825525027 64.59448060786619 113.84322801554775 44.19638111882013 49.77237790180413 69.50612414025112 26.53623424678038 110.00799615482504 77.84577246068022 77.7401505594117 75.40947358256786 55.50149851130148 60.00291476253466 63.56765864022364 48.992698690723294 22.06660431511835 74.31351495522196 146.7628694731743 58.66763797017909 182.12244059423318 103.77007874141756 33.70224494006297 76.17942510940864 114.30937771679102 45.72919341077426 29.816059565274553 56.94170553293956 23.886099890940756 82.0409637498244 88.14317198739786 42.028459798093955 8.55316760036888 133.54692778944786 132.0884078638243 96.18426695671178 119.68337836140824 53.73013777201766 101.79470517173279 142.32007501403308 127.60818547413014 195.16037022151806 76.81488289387676 68.5431404372458 32.560054130790384 161.95772021117116 79.56880998230399 52.376506584536536 10.857870187103911 65.51452624418496 43.96715625327615 150.4613241368027 82.74560169580012 111.91359606857426 114.7416791318656 69.79474353416596 142.41218879365627 96.43156467153273 130.26609097535706 111.48167304539344 93.86031374867655 38.571135904974334 87.4587023571697 118.52610774002494 91.60748775618727 26.09980248967413 62.690560094802144 132.0486176565283 36.290298483203465 168.904196963841 51.51701144282343 84.1791164185037 118.32279474809577 54.17673161053554 42.54109336864768 81.6152271638081 48.901115324704 75.84710782224988 9.926531922076308 75.11452888755942 34.56928649827763 11.536753442801832 123.70853551796658 26.39977850285869 149.41614777861193 134.096175430174 10.560562532365406 59.834411570600416 58.36922786880086 128.69914804690822 39.890763956083866 74.26818056880079 89.12062300612581 76.40096612609031 89.5250662217013 158.15906100505276 110.88332577984843 23.460890775927503 74.53273535836452 131.19625675300344 107.61383406421314 113.70767632838162 35.67569550828687 101.76534422385649 90.75210879092563 109.87264996349182 26.488109351178693 67.49883990854954 11.475790343152841 137.34552786676383 90.23601246730708 109.65049107505175 71.46449971839164 88.64853488919036 23.91767984148964 34.310777271871885 83.53908418219582 87.77402278578782 29.092173414855065 118.22617182756109 29.973281435305015 14.452314174553493 32.27517307467149 85.01882641509468 51.20915250226272 124.9833891443179 11.91651463306281 45.135880029085506 36.349195864558 
16.39380312801151 74.15249639088357 79.64511024538794 65.85969535307615 15.422619362481845 91.80627121280985 0.0 77.0062067173809 42.51580747204503 76.48731409848303 106.1412738664842 87.31191554994084 132.95678661881084 26.25581476549528 28.9738297434081 34.563850508877046 21.14509751691866 7.749830256205618 57.122809323421755 72.08084662377378 12.490600025619266 72.49770537748074 53.816509966737904 73.29351061315046 77.5931526102658 69.18611049191883 70.3633600249448 64.65598642043905 75.73439675603154 14.076748665796373 48.40592876910843 43.94812461300254 96.86831900058966 140.78880869231048 61.77289260670897 80.68279310980749 90.76893674049508 96.56399520525237 37.439890558066544 135.2238128215589 65.43984040322836 71.85702259348072 16.970667635658884 33.27735566417499 54.57177721130218 66.17143427491956 65.26929618894323 72.94321469471988 18.059186166602302 64.81750234311717 120.37537308353397 88.89931694900699 151.34187937249888 46.979925095725726 67.47524802473868 29.394696698554323 101.92406067754561 109.08808294676373 137.08870720084863 88.96602471730431 146.9850006667347 68.10480699627597 103.93471907404185 101.67303196521682 116.1354072193317 13.521624162799377 57.62759894356176 101.8703116761699 88.53566922433015 87.50805627483678 123.2301053517362 73.73328861511604 46.22876659613579 64.50905065182714 22.162175186565058 64.20391044944225 12.301031867286586 54.73403621148362 85.7888829452861 130.51443466912002 127.88251252223661 37.31786387241371 62.5061423061766 2.9013529602583694 76.10006233900206 103.64495816488133 87.76567778465567 67.00943254497832 139.1763534584809 74.11353486374807 21.375202572139525 27.219430872081066 134.85101732652964 102.15802283227686 18.17107440411821 63.647491780902094 99.59381013396366 85.46589641488586 17.445516214775644 82.25826665448282 96.04778366000956 135.13734705846494 66.5902610371817 77.36576933631567 81.15296934185466 87.05177292278428 70.26832437165412 64.64626361979477 78.47820722977814 69.15202508242255 26.674843523439833 53.90215777684601 25.066557182828276 38.11343584616847 110.6565737767079 36.217545057609854 92.4743740178867 53.987004010224524 83.278827777533 142.54585946985623 80.43966241848607 57.35341220886513 40.90130062724166 104.06439815806364 18.51891595099454 73.08133253437569 74.97614904087833 81.38331363369275 96.45559488697377 93.36356173582925 18.218265147922292 79.2568111016334 16.695955198789918 69.55341711950607 120.61348508769655 13.340087705858604 13.125908197149636 107.37390589896599 72.09608966511291 102.34683695161272 106.23040753475438 78.61128929740308 9.700197987670146 132.31312624981695 51.630272244101135 98.32256974367584 58.78643275450552 55.45777400869962 
65.68805378453528 9.199609230831493 92.87740173476 50.69712955385147 80.80015706049092 102.87931419386504 77.0062067173809 0.0 51.918136676887784 0.9801147891956316 86.6359539971714 21.013304166646424 145.67575377186142 68.1985867448879 62.70348558892081 50.30644723094645 88.7970059405158 72.8025499828131 60.23734685392443 44.932920503790974 67.62195383157751 39.095828626593914 36.26173812712237 117.5156434735393 55.01560157809782 33.53595518246051 77.59741341694323 20.225483158629366 26.769335161710682 73.99380613267573 114.13678110495319 58.45240963382091 59.043482155103284 114.03194640976712 109.9824911520011 81.04708967631102 40.701777111079565 45.83120335535605 62.03798929688163 79.24784911276771 13.86763588359602 108.72540950946102 68.34892552922832 108.89852796525764 61.95459754529925 97.72270754026415 45.97060384637121 101.14803015877274 60.66042329229166 16.167803344919804 144.45273480969473 94.9691285892421 78.59636503681324 73.37685082503882 9.870264687433666 97.46247270103503 69.37001496323899 39.4212558145983 60.09169124762591 25.03918427185678 92.28249708368321 26.073155409347756 58.992082604363105 130.71667722215096 59.182718161639045 69.3399197071932 52.38779874169175 107.17403215331595 46.906857579675915 65.34460678587025 51.22386703481103 20.896727518920276 123.21488476641123 25.630413672042046 71.97864060955862 67.73986331548065 67.16867329343346 58.24036594150143 9.863846004475128 72.83759420793633 121.17107181171586 39.787388516966026 32.35759269476022 74.15676209220574 76.7795122216858 63.61828059606767 30.681732187084876 67.16347171640251 69.38866942808458 52.26366352447941 56.25314672087243 93.7423771940951 157.0544635628036 78.96559601497351 60.77102691250165 54.34465181597909 48.07959660812474 92.95767439539351 78.88629344189015 70.56972202014119 98.01133859406268 61.81938738777666 81.56890379305094 64.41620293062918 37.10015021532932 92.67231393463746 124.39284579508582 44.57357114928082 31.516059541129188 63.021301557489274 56.27503922699655 23.66527194012357 56.3804696149296 111.43077203806854 55.69473537956707 53.392581141952675 119.44845670413663 118.54914805682914 31.76967807517099 80.21906472279518 11.267524173481945 89.24633982970954 117.16307559124589 40.92180994286542 87.59260346056624 76.68322587111213 36.97289409824446 99.41532015237894 34.640115704194756 28.953518974383755 79.97983635892237 34.96620301090755 60.31137508795501 82.42895122467591 136.9495864980979 84.98925302060256 63.97741136526235 96.2578623334219 22.569695655901075 129.32310717346687 112.71133062829132 71.33029041017568 81.99587488404522 154.08731096686708 53.629243300647076 114.48956948124139 60.0608327031852 82.16835121261714 
26.139950152974663 54.2984294616336 49.74878001519233 23.36185842350732 37.03872104973389 61.89908097056046 42.51580747204503 51.918136676887784 0.0 51.0407500042858 65.69890821771699 70.05691197876196 106.3329124260217 53.893207085865654 15.08524819152804 44.68370299113537 43.34686743006927 43.78939341895478 17.452195048188067 29.920563915140374 30.031396704116176 31.365466679136148 52.391412807825674 66.09733426546036 35.13723126542557 29.695139164516473 35.785556877041884 51.52399430362519 38.36756553392461 31.621222019397035 64.4127788330856 7.160203628389348 54.40287655078543 100.15420934738589 58.09693599493867 44.311492561185524 50.30921506046382 89.35456013545141 10.479999999999997 127.26771759169722 47.033749255189086 58.22806688359145 26.380250662190456 74.67861946367246 16.401267786363345 47.78768336088286 22.932112201016288 52.476708023655604 25.870785724442154 35.85622491283766 99.79431103023859 56.116855872366905 114.68175531007536 72.1208503901611 42.60301793300564 71.41685510437995 59.52311567786081 72.94268677530326 107.46760879911676 73.31130366457822 140.18505997430682 31.775026247038728 61.752552481658604 83.57626995744666 106.79262308324485 29.39365259711695 15.36403739256059 69.82999828154087 46.74801578676897 45.539868159668615 103.13541879490285 38.88705600839437 82.92134152315676 55.27340153274448 25.521393770717147 80.68637645848275 40.80799769653003 68.48933555671276 61.77211877538279 89.17186099885996 92.35562072770666 25.57762805656537 57.96997937726044 40.723484821414786 39.23757389288996 61.169388046636534 75.85134969135355 28.37551065619789 121.2074383402273 31.606617107814625 25.638172165737554 68.72431902900166 113.63731885696707 60.798508616577095 25.569870472882723 21.53230421947452 58.57273264924559 53.047561348284425 34.069203468822096 41.88278598660791 61.995651178127 99.52855811775835 36.00571690718017 87.60565134738741 75.19552695473315 53.85875210214213 72.48247350221983 22.47895266688375 70.26952574907561 28.62436699736782 16.426191889783826 31.024821095374588 18.48755067606307 65.85651069560245 102.20573863047025 49.64215242110278 72.4705103128162 68.22078851054125 73.66224357837602 101.84870735065812 60.447465430735804 38.518804667331 74.59742066586483 65.70005026634303 60.17436803988888 37.097927408414606 34.383632297940835 54.607117274216186 82.83285881822503 56.93004458982972 56.42772442691625 39.31207429022285 31.367543496423178 38.10390053524704 95.4339476811056 43.03336014070944 32.3562344688006 69.23469547127364 60.289929722964516 82.8672757184644 75.06595297470085 39.08799122492738 41.64044440204739 110.7569104345187 63.14766583968088 71.79810473821715 18.750142106128155 31.982951536717184 
65.03834549709886 9.812556496652643 91.89843942091727 49.717015296576285 80.13302855876596 101.89958117676441 76.48731409848303 0.9801147891956316 51.0407500042858 0.0 85.73405216132035 21.980519488856487 144.7036336862347 67.99110448433677 61.921790833276134 50.112441449205 88.11328747130027 72.3583778770641 59.273778528114775 43.964684008872396 67.01183048537028 38.1335818013467 36.387170225231856 116.5967297826144 54.057297398223675 32.56180254531374 76.61923573098339 20.48233761073184 25.847582672273244 73.33231607552021 113.3730561729726 57.55270955393847 58.215264664862595 113.23221413096186 109.09318019473078 80.06893736025226 39.93668720612665 46.74319325848417 61.182400745639264 80.22709769149074 13.872220081875863 107.78584015537476 67.67395264058395 108.46737729843015 61.000361654665625 96.7774482201303 44.99048913937256 100.18889808756258 60.052269640705504 15.255394455732702 143.47287698028504 93.99083742578317 78.69459754011072 73.45224347833086 9.185941976738151 97.15949577884808 68.52626592044834 39.24508739957143 60.60142483473471 25.99983853796019 93.26200165662326 25.094320034621383 58.25697335941853 129.74342799926322 60.15779188101904 68.70065276254658 51.420789589425794 106.20136417673739 46.06033361798415 64.41128488859697 52.114292175947284 19.95387972300124 122.68271073382752 25.97898400630786 71.2424536986199 68.07985176981512 66.73880563060744 58.46652691925525 10.731440397262613 72.40407340060364 120.24525998558114 39.23217060015925 32.70096298276245 73.64409025169638 75.79978207092682 62.8357420661203 31.591729376531447 66.18458074204293 70.30126784063002 51.29610238604879 55.67248046387012 93.4480508999519 156.07464528231355 78.0719508466389 60.15749011552926 53.36589431462758 47.3961515842795 91.97803446475686 78.19567876807515 69.60430231673901 97.03983423316427 61.92339309178721 80.59884776471684 64.96020955169404 37.86134045434736 91.69372609399184 123.52021607817888 43.59353358010796 32.25846468758239 62.04121634042969 55.56312594698034 23.011833933869767 55.695580695419636 110.77215192456993 56.659393166535054 53.27271755786446 118.47571018567479 117.76718974315384 32.60214364117795 79.92740962898773 12.201021104809218 88.31589765155535 116.57636165621227 40.48706749074327 87.23559013384389 75.70324434923512 36.027816933586195 98.43840721994644 35.610410851322676 28.4490355899809 79.66410489674757 34.065941760062934 59.79136233604316 81.45451015751063 135.97136513619327 84.36455579210975 63.4406056087109 95.32597309233198 23.17007373747438 128.34741136462395 111.73907667866241 70.355887493514 81.39236716670673 153.10750555083834 53.80305495043938 113.50945927542779 59.09252279265119 81.23210815927408 
90.16315381019012 94.66164030376824 40.35690458893001 44.51351087029644 95.87768012420827 38.52850093112889 106.1412738664842 86.6359539971714 65.69890821771699 85.73405216132035 0.0 107.18802049203072 66.46633735959881 119.45019518192508 77.2270442267474 108.13304623471957 98.69559103121071 108.82875956749668 49.17445313371568 44.421101517184375 94.16527111945251 49.0968984865643 109.15556796151078 80.43402871919322 34.238890198135806 55.35637366193707 38.653413096387744 100.06443421116217 59.9349671727615 92.92847282184293 105.44552520614614 62.44401874479252 29.85992665764603 34.655312969298095 82.27074659318463 28.661906600922414 48.5897956879837 132.46051840454194 68.70709527406905 163.24336453283485 92.54993749322577 69.03326023012384 89.17062602673596 135.0620832728416 51.5789813974646 61.179662830061424 47.78767951051819 57.74256592843792 91.23518690176503 75.77390500693494 74.47722516984638 31.741792324945987 97.89448238792623 136.5712501663509 83.20403962548933 135.53557422315367 19.99755737583968 72.40722481216913 112.11507210005263 111.30056488625742 175.9581085741717 62.781552847950486 35.69487785383219 70.10113158145165 144.2638935562187 92.63370968497375 50.694455732357945 33.62616203196553 40.49400490196049 22.38837647083861 126.83112161058892 65.97054870167445 137.55568956971575 105.71721756648724 84.93423425804225 141.68024215464908 106.3599352999051 129.612310719314 93.04182184910182 56.67478703091878 35.208091243349166 87.38019369399451 111.12550022384602 104.91542445703587 31.74598182447662 29.149727288604264 117.31560819004434 39.187868377853874 144.57736752341287 37.996588531077364 91.33705546490975 133.2409157015967 82.79185128984616 7.858533514594182 90.8925567744686 44.59763957879385 46.02179423925147 33.529987831790216 92.62053604897783 23.958939479868466 27.12243440401322 90.25577916122602 45.33289910208699 144.69897029695824 122.64824018713028 31.299408380990204 95.37210074230305 49.160492776212074 116.9621053333087 37.24394346736124 81.88597697408268 81.71779072515359 84.03233037944383 116.10679154123586 141.50674073696985 113.1757662046076 61.92620579367026 106.03325534944214 118.0927876290504 70.01422462614293 97.87367539844408 61.8413630024436 127.69487654953113 61.31382775524621 124.54369797785836 35.132037871435806 50.249294452758235 45.97188049231835 120.46484857002893 65.17738523445075 121.73413551259975 51.66977460759821 97.02876238518142 42.595172555114736 62.24458994161662 102.17494915095382 97.71569300782757 12.451217852081781 106.73416077807516 67.14025278474904 37.515251791771306 27.567868706158624 102.30294009949077 80.02786937061363 124.05945075648206 48.1481584798422 47.57366046458901 57.91979295543105 
78.94635587536641 15.767341754398549 113.49771013108591 71.50809624790747 94.0794199865199 123.72572811262822 87.31191554994084 21.013304166646424 70.05691197876196 21.980519488856487 107.18802049203072 0.0 166.6752601707884 72.44192765243068 78.69051691913073 55.3396520860043 102.29286716091205 81.70500285784219 80.30780208672131 65.945192796746 80.03309440475232 60.10561384762657 36.52024649423933 136.15275900619864 76.01463099298714 54.5279691351145 98.1794750291526 22.65762046199909 47.60371234473211 87.29134052126821 129.102567832712 76.97708360284898 78.86290497439211 133.28448168485332 127.89628429317249 101.97150526004802 59.98471341933709 25.67820984804042 79.56671085322053 58.45314651068837 23.56162746925602 127.9462912514466 82.04876769946031 116.72176470992888 81.75286901999219 117.1341186717175 66.78404661294492 120.962616510226 73.2450050856712 35.911428445551984 165.1391468126198 115.8868129037985 82.80353509965622 71.43680161513392 28.065640220739663 102.78312179049632 89.31996851768366 50.77254953220293 55.94904132333279 4.1157911754606795 71.50078838726186 47.00817423597729 77.67811229683689 151.00237200785952 38.235741983123596 82.29302651500916 72.59552816117532 128.1708199240373 66.99996859700757 86.1981727184515 35.91980414757297 41.853363078730005 133.01549511241163 23.891631610252155 86.8540637621522 60.26175279561656 75.97641597232656 53.861701170683425 14.64960129150278 86.89784182590498 141.93514790917718 52.40505419327414 28.719188724614078 84.41272162417226 97.63513595524921 82.86193293666278 11.164219363663547 87.80488014341799 52.5186866648434 73.27655418344942 68.46270427028135 98.96437364021459 177.88210507243275 99.44285495700534 73.45782860934564 74.9974290292674 66.26505198066323 113.81450516080982 92.68965090558925 91.58273161464446 119.01454644286133 66.62568175260948 101.78941450858237 52.4323137769067 21.626301810526925 113.58087748384408 141.8360784603128 65.35941395851097 17.587965345656105 83.83698469052904 71.02899115150095 39.3186205251405 70.60491825645009 124.10171886400286 34.684385896250205 56.70167564543397 139.7220924728799 133.8951120429719 14.833946238273892 91.7382453996151 10.03831265701562 108.28721417138776 128.21105341584243 56.02099746523619 94.27753552676269 97.42213412772274 57.92120615111532 119.90269039934007 13.640315832120608 45.64537392770487 86.0185731106951 55.618395562978975 71.17664977364416 102.81954401766231 157.8640412316877 97.30624031890247 75.03830222626308 117.0843112675648 16.278698780922266 149.7239756251483 133.71049294651485 92.31546315758807 93.92953364091616 174.91674077972067 50.75146820536328 135.2670294491603 80.27879583675879 101.39151041877224 
121.17944055408078 152.17312151953774 56.603169257560126 95.59647828241373 118.16130134692999 44.49829625951987 132.95678661881084 145.67575377186142 106.3329124260217 144.7036336862347 66.46633735959881 166.6752601707884 0.0 155.01037844286427 109.72973154984021 150.19964061874447 116.09549459389024 138.81320320848445 90.19831664172008 100.76609303729106 124.46812888848294 106.680765206292 158.33964995856218 68.41695130594464 90.95741425524363 112.14737259962892 70.99958823824261 154.13366274762953 119.64647006911655 119.16058031496826 105.49727825873045 99.80554660438466 95.33148009970263 69.69013075751832 78.47007960362981 65.00712640934069 112.73048808995726 190.4065417206037 102.46091989143957 224.73788031838336 147.66144608529336 63.646338622107706 118.49486680865125 150.7803713617923 90.22343154635607 66.90283319860228 100.25131277444699 60.067710011286415 125.25350357175643 131.6306700811023 21.80293092682724 51.309492240715066 163.21431545057558 175.5139182458189 139.6668341017294 159.09390709263508 86.257743565433 138.41496246071088 178.47414753403362 170.65313958436275 237.7196977639842 119.69727290126538 102.06801099756964 36.93926562615991 204.84523543885516 121.71511408202352 96.63378955624167 38.50600686905875 103.97405730758032 82.23514322356348 190.9711968255946 125.02704383452405 144.19008712460092 159.00114813421945 111.65176489872428 186.63778024022892 139.04025067943454 174.54078410503374 153.73439145812495 121.20935832269718 36.672989583615895 131.90819164858564 162.9349166323781 133.18849486723693 69.6953061547189 95.5479031742717 175.50976555451265 80.43561585516704 209.15509051897348 93.45209909895014 127.79419448863864 158.2694888884146 19.270001401141624 73.7057924792889 124.8194127089212 92.7139528334328 111.82607757137866 53.89793096214362 115.638361109106 75.24322986820808 47.667589932783464 156.59431341527062 70.49912641302728 193.89940665458468 178.16354071751044 53.65660526906263 82.14918372083802 101.7268139479459 172.6953460924758 83.44512710158693 118.0304327917169 133.3676512539679 120.10723485702268 122.3371880827739 201.31602194559676 154.9347340333987 42.02522435395199 102.60300604758127 174.9801603839704 133.414816718384 156.74438863959372 75.63670347126451 134.36557753011 127.2261767090405 150.2118012540959 70.64322770796929 109.16798217884215 52.56769907462185 180.31216366346447 129.3760673385924 151.13726541458925 112.40665411798359 131.8851541152377 68.2412115733594 12.709950786686775 122.9672460129119 130.62144761868166 54.092912807501875 162.1932134492686 34.528594092433 32.96478012970813 74.37372722272293 125.09358762542546 17.482271763131926 169.30859590700052 35.07266646549702 89.54641080467714 78.56373225604801 
33.85553479122727 62.54840109866918 99.57724845063757 75.6102462434821 41.065233093214026 112.02610198074376 26.25581476549528 68.1985867448879 53.893207085865654 67.99110448433677 119.45019518192508 72.44192765243068 155.01037844286427 0.0 45.646534994454946 17.90485423006845 47.396650282483044 18.56973607782297 71.12308194953309 79.14950987214009 30.789675964517716 77.53465657368967 35.990959559311555 98.77024151534712 87.15691043744036 72.56921763392519 87.8566478588843 50.900493249083546 76.19417513826106 37.347999464496084 74.37651605849793 58.33989991420965 104.01129104573214 153.68553568895155 87.41326678485366 97.39910061699749 93.32048912216437 75.92251010734564 53.682195279254366 113.33786001597171 54.64222869722647 96.24248380523021 36.71958339905289 45.600256676909176 69.44552386583314 89.26931977448915 73.42659398337906 95.77586581702094 30.00022379916523 60.81478909771865 144.1313134887766 107.75472890319014 146.50454415136753 21.134343543152696 60.239982113211155 30.34969820278284 111.12439898600127 105.49545144696998 126.66176351606669 73.04564069812791 124.42145060237804 68.76397319090863 109.39149087566182 125.77853572847793 95.41606311832406 33.750273139635475 68.76334617367016 121.29960927389666 93.58404390706784 98.49303444406614 107.39417943259309 72.31665053775652 63.924315013928776 48.55369465859422 43.838677557608875 38.07955425159281 16.25487526866939 29.543488504237274 75.11576692013469 132.8641313974543 145.57942454206912 34.91439635737671 44.36660952788707 24.50122972424037 92.42643098702881 110.6604496647289 70.00332820659314 81.96921488583381 121.57492347108429 83.32825074967073 28.496203712073648 26.530092197352047 158.58516183111206 114.148052107778 30.422189434687308 74.89635655357341 102.5172551329775 104.42923202341383 42.33301625209335 95.74870612180615 114.35795969236247 129.77713960863832 85.76369453329303 51.90820052746965 61.14117974000829 105.66681577486851 96.47899726365318 72.35710799223529 59.825922082321476 82.51515705614332 38.43338041338544 49.172080391213875 36.23066794857638 62.26223989706763 89.79953102884224 15.74147454973644 115.96062073393708 79.99158658884069 64.80580653768612 143.30372987818564 67.97814237679637 79.84227993362916 61.788628727299 103.09256483859542 22.900048144054193 89.88041695497412 79.00310730597879 102.55244691863768 78.82204368068618 91.15427077762183 14.45467875810459 82.0371847700785 23.43629861987596 88.49063879303843 143.03836783185133 39.57696679888442 24.389565412282355 123.03257214656612 56.19578507325972 126.13916015655091 126.1334225730833 92.95898349272112 35.954412246621416 155.9346348474257 27.5774472531451 119.96813221018321 72.54074676345702 76.45009211897656 
