1 ; number of test cases ; for now it is ignored
6 ; number of periods
6 ; number of depots
6 ; number of total vehicles
1 1 1 1 1 1  ; number of vehicle per depot
200.0 200.0 200.0 200.0 200.0 200.0  ; Maximum allowable load of each vehicle 
 ; t(total period) lines containg  v (total vehicle) values each referring maximum time limit (route duration) for that day for that vehicle (NEW)
500.0 500.0 500.0 500.0 500.0 500.0 
500.0 500.0 500.0 500.0 500.0 500.0 
500.0 500.0 500.0 500.0 500.0 500.0 
500.0 500.0 500.0 500.0 500.0 500.0 
500.0 500.0 500.0 500.0 500.0 500.0 
500.0 500.0 500.0 500.0 500.0 500.0 
72 ; number of clients
6 6 6 6 6 6 6 6 6 6 6 6 6 6 6 6 6 6 3 3 3 3 3 3 3 3 3 3 3 3 3 3 3 3 3 3 2 2 2 2 2 2 2 2 2 2 2 2 2 2 2 2 2 2 1 1 1 1 1 1 1 1 1 1 1 1 1 1 1 1 1 1  ; frequency
8.0 15.0 20.0 7.0 13.0 6.0 5.0 1.0 12.0 18.0 25.0 14.0 18.0 13.0 6.0 14.0 10.0 18.0 8.0 6.0 2.0 4.0 4.0 23.0 12.0 24.0 17.0 18.0 25.0 22.0 10.0 25.0 21.0 21.0 16.0 23.0 21.0 15.0 7.0 20.0 6.0 16.0 10.0 7.0 20.0 9.0 12.0 10.0 19.0 6.0 14.0 23.0 8.0 10.0 14.0 3.0 25.0 21.0 5.0 2.0 3.0 21.0 1.0 25.0 21.0 21.0 25.0 14.0 20.0 14.0 11.0 25.0  ; service time for every client 
20.0 6.0 19.0 10.0 18.0 1.0 15.0 23.0 13.0 12.0 7.0 25.0 5.0 1.0 25.0 10.0 2.0 7.0 11.0 4.0 6.0 15.0 7.0 8.0 10.0 9.0 4.0 6.0 22.0 17.0 9.0 25.0 10.0 18.0 21.0 10.0 23.0 23.0 11.0 1.0 23.0 16.0 10.0 12.0 12.0 3.0 22.0 21.0 13.0 15.0 13.0 20.0 10.0 25.0 7.0 15.0 2.0 23.0 5.0 25.0 9.0 2.0 24.0 13.0 20.0 13.0 15.0 4.0 20.0 8.0 19.0 20.0  ; demand for every client 
; COST MATRIX
0.0 84.7976945441325 55.70248846326347 68.52101637454015 26.712540425800018 21.10391349963319 144.34319492445775 35.56382185592544 75.76408441999415 58.01117204470187 105.18060947722255 57.41621419947504 75.80816172418376 61.571446190584155 31.123575148109197 35.117165318402336 32.09651309721976 93.34284935119561 76.47413751720251 26.75926325592691 91.09446428845169 80.07083775008226 98.42835033159908 17.39937806359756 33.35398893685731 14.920626159782971 43.80421956843884 58.309016798433504 113.14413853134417 133.3498930220793 32.948961273460505 97.96457065694722 15.478700106921126 90.02462245408198 67.97707197283508 27.784798523653183 13.863976666166167 43.13227441255562 60.185041746267814 57.03229538603545 29.217900763059617 5.58948745414103 58.78271879557802 44.81467449396459 48.35410825359103 38.851929913454754 110.47139664184571 34.744277485652226 79.08548687338278 55.32498568458921 82.58418795992365 84.52171096824767 109.0744651006825 36.53501861228485 72.23989120285275 133.71886946126938 89.42083585496168 69.3487124177515 83.12416510257412 62.89030902293294 50.83018178208691 67.95545735995013 153.12031698634902 53.556769814842276 83.62851514884143 17.696839407080578 71.101224363579 46.51743338792458 114.82441794757769 116.84727007936472 41.51739472799323 31.836688913893045 23.5556529308784 89.85703402627976 49.0369051327671 17.31435623983751 26.12460114528066 89.72553151138197 
84.7976945441325 0.0 80.27556341128974 52.06459704059947 59.18461435204254 92.3186363904927 67.41109330814922 116.54774440116806 109.66129585227415 54.88272626245894 83.19422630206978 69.64632648603944 11.728006821280418 88.82837984563267 55.566155976457466 100.63496261240424 58.21433958227131 8.626785322470939 33.99207920972178 61.85680827524162 106.1265099020975 114.5808897591566 14.448812027291382 100.0640599666034 53.062112076320524 95.35536474158128 49.00335633403083 97.28602386776838 33.92501973470317 81.9383428499747 83.6633424445856 23.775058023062744 79.04546297542953 59.07509905196944 58.4450630421424 57.01847953953174 89.53112748647813 99.10043559944627 109.38195614451224 92.12551946664941 108.84401602752445 89.82699443931094 26.068064159043335 125.28494582351065 127.43399187422483 63.41437169916611 27.97480359180382 51.531844310096254 7.732476576104185 92.80223262939315 98.64600833789474 63.11057538162681 25.01158445600759 51.98714076577014 12.813994732322936 56.06916130993935 12.142546067444012 52.73313791156372 69.0659915153616 100.4762361406915 47.62344401657654 105.15127999696436 92.9170926902042 34.083479473199326 20.866893060539706 70.75861519984686 17.562345686154796 89.7707339225875 75.50497557777234 33.37777142051279 106.95598985096626 54.104341239867246 70.87228855483643 5.637205335979879 75.19553021955494 67.64423384147388 110.89786871261322 82.03568726475082 
55.70248846326347 80.27556341128974 0.0 32.6172895563074 44.660002519032616 41.29587993977123 147.66276305148838 61.92941557935131 30.195608174037503 25.69738712398597 53.55901598237219 98.25436508369488 78.40534538537536 9.11424034135594 59.927952951857115 90.63887623420759 65.90415351098896 87.77961130011913 51.51282946994854 39.180031457363576 36.81845663522576 35.301439248279955 88.33957502727755 70.72064660337885 59.74995418408285 70.0741999026746 36.208809162964755 17.541166808396756 114.20050826944686 89.40218901123171 24.149511713490188 102.5168477324581 66.57367783140722 47.322023466880616 27.147694358821706 51.57668992868775 69.44645772103858 28.379880355632228 114.53036066039432 12.224598561916052 55.393070198356035 55.725697528160204 61.235037764338806 66.96707833704559 66.40375787559014 24.01527815787275 95.06308760502152 59.715569368465374 79.28678291493482 13.520588892500209 27.88125266195907 39.08615273981311 103.69430543670178 40.10329355551736 69.31468013343205 107.90566380408399 76.83028154315198 32.61108800699541 34.284472651624675 20.239087182973446 33.68196515941432 24.911752888947824 111.28984061898913 68.45285158413782 65.78539349278076 61.20836883956311 62.78100028671094 15.859661093478637 68.41101501951276 112.1931120969554 97.18664806443321 44.92378848672494 34.280587217840946 85.79129886532783 7.706037373384581 53.25763889809611 69.55780446506344 36.17117178085333 
68.52101637454015 52.06459704059947 32.6172895563074 0.0 45.480730348137556 63.13974350597253 118.24241493643473 87.50312693841289 59.1742596151401 10.755474931401217 41.19001851177054 91.286749706625 53.610777433273626 39.59477699141643 56.15549042613732 99.2232626806839 62.335280700418764 58.427256327847545 19.63074899233343 42.695059725921446 54.1112617206437 63.83112686613014 57.56636047206737 85.83156236490164 54.657788548385305 83.23377450290236 27.407179077752602 50.04581521965648 85.31534917586634 64.89067361339379 47.627740845015936 75.64020442198712 73.0955297265161 21.60152645069325 6.45532067367687 49.996463974965266 80.08824605396224 58.645068752624034 118.6654483200565 44.746793449363494 79.99586039289784 71.10305355608857 40.93432515627929 94.30330240770998 94.74737380001622 30.312226658561393 62.929013443720855 53.79902851353359 53.2265140414061 46.13780959256736 46.59864019475246 17.82092618244069 73.3992522713958 35.56054049083056 43.63122780761504 75.61181789244324 46.13750665131353 1.0426087473256682 20.283014987915383 52.12112116982903 19.691737480476423 55.94916923422546 85.22669547154813 52.85116933427301 34.50351989290368 65.12271623634874 35.917123005608346 46.617443001520364 46.574825066767566 81.7335533792579 106.25143165153116 42.132780231074236 45.42271064126402 57.149887252732185 30.883289624002167 57.55223013055185 89.95667139239868 32.5612016055919 
26.712540425800018 59.18461435204254 44.660002519032616 45.480730348137556 0.0 34.22812388957362 121.97731558367728 57.5396248597434 72.25154204582765 36.039032867156685 85.324726181805 53.64308672140334 51.31311956995013 53.049689933118366 15.465309890202654 53.79576507495734 21.259876881111044 67.80614179408823 50.3708346665012 5.7077254664183 81.29913027825081 77.24884114341134 72.34997803040442 43.61194057824073 15.7807214663969 39.892372416290314 18.469963616639856 55.09786935989449 89.55440985233503 109.14145960632924 31.66240706263502 74.922760920831 27.681858048187447 66.95180893747383 46.641136285472285 7.026444975946228 35.6154646888118 47.61043818323876 73.79030300791561 51.582042466346756 49.93980497559036 31.181102129334686 33.184354521370466 66.45419795618633 68.94744349865339 21.092720308201123 84.03019278806875 16.184553438386864 54.17701403732029 50.826628739274064 72.31019032612208 62.84475619333724 83.94493031148458 10.40337392387681 46.41974533536349 107.01224614968137 62.93859020505623 46.43652082143967 63.08011033598467 59.626095000427455 26.146511277797654 65.14033249070809 128.04772083094645 31.54711722170506 56.91752561382127 19.66640691636375 44.59126060115367 43.591086302132915 91.9340574596814 92.01554182310726 60.832211837150886 5.179111603354382 14.731549986338845 64.48356159518485 36.95400109595712 12.162251271865747 52.28802536910339 72.2360704426812 
21.10391349963319 92.3186363904927 41.29587993977123 63.13974350597253 34.22812388957362 0.0 156.19463321125986 25.067254696117008 56.133215559060936 52.4694490632406 94.26268235627501 77.48579886663104 85.27815022032314 44.96756418797887 45.6006285592644 54.309951473003544 48.76346585303387 100.92091559235875 75.9842935612354 30.562655725574636 73.62863587626761 60.1133998456251 104.64342479104934 31.03519041346452 47.19360470445122 31.95085250818826 44.811485726317976 39.317651977197215 123.63273709256784 127.02686526872968 17.26316981321797 109.12193684589731 36.3731076483712 83.32586547405313 60.6542473450953 39.071035256312314 33.83128401346895 22.457302976982785 80.26201620318294 39.175272124134636 17.278834740803553 17.937542334444817 66.77333403387914 33.20108108179612 35.1173612903931 33.535799930820204 115.23512704466464 48.22155249470925 87.92553602338744 37.14489779229444 65.68020287727498 76.39838178914525 117.30265255312857 40.35369487419957 79.51575840045795 135.21487420028907 94.33044497933845 63.7351358122033 73.36291941437446 43.65910271638665 49.697368793528696 48.34000119983449 148.06158763501088 65.59613038891852 86.29753419999902 36.24908081593242 76.32960322836743 28.509259022289587 106.99556545950865 125.54729684863788 59.984673592510276 38.84156876337515 21.522515280514963 97.79332848921752 36.430632934386416 31.794199297985163 28.323296877305783 77.32663603183576 
144.34319492445775 67.41109330814922 147.66276305148838 118.24241493643473 121.97731558367728 156.19463321125986 0.0 178.88687869712527 176.8191202698396 122.15574536222191 141.50641061450185 105.39085733591885 71.42708744587028 156.13621016599578 113.22029689503557 148.67213280571445 113.00210728123614 60.00972461193269 98.89642796380464 125.87481316371436 171.41737002124376 181.67124435364008 61.041650862341534 156.5633468472107 111.02647059597996 151.29020405829323 115.48651568473265 164.694082276808 33.52461729833765 123.39379796407923 149.8462439302367 47.09820277887469 134.22589206259724 119.68015426544203 124.69772084926011 117.79992275039912 144.8135106749367 165.68920989913616 146.48173526074848 159.536585227339 171.5412928306185 149.8465838416078 90.16830814648792 188.01479346317407 190.78330322122005 130.14519539729463 60.688305603303846 109.68218767420716 69.45274667714733 160.20313696054768 164.57443143453358 125.89149524888487 45.063602563487976 116.96961384051843 79.0710329387444 75.47930432244324 72.21058411341096 118.76810003111106 132.65054218132695 167.8773559060304 114.90147785385531 172.509596440314 122.44325522053062 91.08657952739252 83.99641792957603 127.55296176882761 84.96139490968824 156.93317923880852 127.35920304398893 37.1730864201508 153.35863429882258 117.39941780094142 135.46665120242693 61.872082921136574 142.5803021598706 127.29527202924704 169.84754267872114 145.11524199752415 
35.56382185592544 116.54774440116806 61.92941557935131 87.50312693841289 57.5396248597434 25.067254696117008 178.88687869712527 0.0 67.0653203153463 76.9776341868208 115.44192491898254 91.23839213839753 108.82160739944985 62.89515867696019 66.06684654953648 56.13044383398371 67.6117685909783 125.17338874537191 101.01085340694831 54.746915830939734 88.2544029099965 69.63008678006943 129.2426262886978 31.754762068074136 68.09626583741579 36.146038925447975 69.7901298250691 53.823755954039484 146.92572869650843 150.3701830882705 40.05611925786122 132.05428275145036 49.43065334385132 106.96194368559314 84.46827921178459 61.1054578413418 41.608700484393886 35.277643529578334 81.94951854037949 55.888314234730686 7.8142357271840766 30.000408213889358 90.67588508528604 9.257726772809837 13.013642457052523 58.46499787907291 140.11101958447094 69.36385197637168 111.71615145984936 53.575291487774486 81.6482543842794 99.55117241901273 141.4234534226908 64.86982916579942 103.73766374851517 160.2709788608031 119.13262018439785 88.02731896973802 95.74892770678949 57.017240480402066 74.76026977613176 60.096282164539936 171.78721442819895 87.80127864672588 111.32014384198396 53.253958068860946 100.99888982063119 46.60947920756035 129.8277070043217 149.54084024105254 59.49193155378299 62.51038097788239 46.313862827451565 121.92861544772826 58.80163407593364 51.793975991422016 17.917089049284762 97.80221016930037 
75.76408441999415 109.66129585227415 30.195608174037503 59.1742596151401 72.25154204582765 56.133215559060936 176.8191202698396 67.0653203153463 0.0 54.79030536509174 61.74143330049926 125.53383400900333 108.42807975796676 21.146363706320766 87.71077330636187 110.3036229504725 93.27531912033321 116.8094917418957 78.80253098092726 66.55113818711142 22.98830537468997 5.12443811554008 116.6137059911913 87.00971642868399 87.92531709354253 88.06563543743951 66.26915013790354 17.69400101729397 143.51040019455036 102.37134347560355 43.553504623623574 132.3375941446723 89.41141278941969 66.87641042998645 52.83119565181163 79.27581604121147 89.38932816058079 34.142933675945315 135.91876877753123 20.67280399462057 63.258855135071805 73.79270827121064 91.42758297691131 68.13941545097083 65.57273199280323 53.104964381873 121.89694823087247 88.11376819771132 109.1445464052144 21.540972238968234 20.13112696795686 58.26790173843571 132.31204436860617 69.42956376789357 99.15836632881766 130.70618538539023 105.12118614722725 58.82441134427102 51.41627835617822 13.019368840308664 63.82363678136808 7.817641907890133 124.53274185530486 98.37164244333832 93.62252537717619 85.90820306001052 92.33894659351492 29.779249906604434 81.18768789046773 140.72587148424415 116.10685149895333 73.50329470846869 59.31392232014336 115.07570421248788 37.010395364005504 78.57731624330269 80.65983439730086 44.865234658920485 
58.01117204470187 54.88272626245894 25.69738712398597 10.755474931401217 36.039032867156685 52.4694490632406 122.15574536222191 76.9776341868208 54.79030536509174 0.0 49.336899943146 84.80613011451472 54.10785460540826 33.98082782982192 48.123324905912305 89.43299763510112 54.42095472334163 62.188417257556885 26.426425732588203 32.68971000177273 54.04649000628995 59.73772844693712 62.646419570475054 75.2612287502669 46.92703613057189 72.80177122158499 19.06318950228424 43.12932035170506 88.76752898442086 75.56108763775174 37.31193247474593 77.64050773919502 63.35734468078661 32.02175850886394 10.611114550319396 41.22900310461071 69.8853510901963 49.34571983465233 109.7513652580231 37.841927923931145 69.41552691581329 60.44750731006201 38.59510405478913 83.96514653116495 84.57904280021145 19.571538212414474 69.73669801474686 46.26875425165454 54.525784909526976 38.848419800553025 45.65107014079735 26.921033356838297 78.01322996133412 26.747417314574502 44.558029186668485 84.86995352891387 51.141560877626716 11.466662112402195 27.198022906086393 45.91726216794725 12.246048913833391 50.38390351094286 95.98110549477954 48.671216062473725 40.22193083381254 55.676308938362645 37.56205798408814 37.8424043237213 56.837540842298935 86.50554255653218 96.4366066024723 33.29827420452897 34.75848214465068 60.32818520393266 22.059936377968093 47.883032255695746 79.20143567511892 37.57426966688774 
105.18060947722255 83.19422630206978 53.55901598237219 41.19001851177054 85.324726181805 94.26268235627501 141.50641061450185 115.44192491898254 61.74143330049926 49.336899943146 0.0 132.37817862850358 88.76530877544448 53.514256231400616 97.14017335788526 138.22162103665258 103.37689870082193 86.6282153631252 50.697123399656505 81.6143424895404 42.38626298696312 64.04094871252299 82.3204045969163 121.74793876283901 95.74145050081495 120.09213568339935 68.10188139838722 64.53299052422722 111.8010708803811 40.921240902494624 77.01518131511475 106.36318992019748 112.32262203581253 24.30012366223678 38.7294353173397 90.53456524996406 117.9961657046533 81.00470772739075 159.08379930087162 60.83035910628836 108.94850391354623 106.5545048320342 80.24928810276137 120.05713523152217 119.05402663076961 66.64327798060357 80.8948026637064 94.92895535083066 87.10439100297985 63.10623272704527 41.665517313481175 23.484656373896545 97.5723723653371 76.0278091555978 79.05905795669462 78.24748289881279 73.06837034586168 40.14947556320008 22.29626161489858 63.42839235705095 60.590415496182224 63.81349209219003 62.91784831031652 93.1161256979692 62.347612945484926 104.89762411513428 71.27719326685079 68.92999548092251 20.525424843349775 104.61874656580436 145.16412922275254 82.60309331374945 81.68225056277527 86.88723622028726 57.85342265588095 96.99304788488709 122.566855279068 17.988783310718933 
57.41621419947504 69.64632648603944 98.25436508369488 91.286749706625 53.64308672140334 77.48579886663104 105.39085733591885 91.23839213839753 125.53383400900333 84.80613011451472 132.37817862850358 0.0 57.96978565597772 106.69145797579111 38.33959469008508 45.239670743717845 32.38800697789229 75.4259533184699 85.76658469357399 59.24608291693215 134.69591853133485 130.44373700948617 83.27318085674402 61.14444839885302 38.733571188311565 55.967533106257235 65.94526270324502 108.07231625629201 81.89424148864191 145.9111959857776 82.97891786472032 67.48919638727371 42.17557029845595 110.08967563309469 94.81035633832413 46.68181438204818 49.86635920136941 97.34024339912038 42.07844361427832 104.9408193793054 85.9934972425241 62.40888751612225 54.546729324497534 100.14389952962688 104.2468084595399 74.39027154809962 96.90835388654581 39.02936480395242 61.91747757297612 103.99904773602496 125.70780432415482 108.89437110337705 85.5503968547195 59.31978374876294 62.738887781024616 125.60819898796416 80.47077581333487 92.32912685063148 111.284738257319 112.69602417121911 72.65448014403516 118.19275494716247 160.41746128461205 40.85170982957751 82.60758636469171 41.37336169566113 67.92149354217706 96.17308118179432 133.40920484734178 90.51729366259244 48.79652848307961 53.60146723738073 66.3211012725211 71.83833436961078 90.55413983910398 47.50882302267653 76.38381760556355 122.37547794390835 
75.80816172418376 11.728006821280418 78.40534538537536 53.610777433273626 51.31311956995013 85.27815022032314 71.42708744587028 108.82160739944985 108.42807975796676 54.10785460540826 88.76530877544448 57.96978565597772 0.0 87.31193335392362 45.59378038724142 89.54073167000591 47.60408332275709 18.80136572167033 38.13445372625652 54.752235479476084 107.379650995894 113.47063970032072 25.91178945962629 90.3500825511521 43.12808099139121 85.47173161344048 44.30545993441441 94.70390222160859 38.39188752848706 91.63685025686992 78.43826421460383 24.582556579818956 68.8313104989292 64.47022183923366 59.64920735433121 48.154972256247845 79.45111541696566 94.35436566476402 97.68922787083537 89.7391647888479 101.25044399408823 81.04132458196867 18.744391187766006 117.76649656842135 120.22147883385895 59.00252125121434 39.56595531514436 41.62047536970235 4.031705594410393 90.1320098799533 99.38132513203877 67.15103475747786 33.388553083354786 45.57262403022235 10.016319733315227 67.79714119341611 22.82640210370439 54.43700265444452 72.37990052493856 98.2733042336524 44.77959521925137 103.24963556836411 103.7606788046416 23.301003175829145 28.205601323141476 60.81024361898248 17.8924449419301 86.08335219425415 83.33521263547601 41.03911774149147 95.74308102938822 46.47202363788346 64.21635751893749 15.052648537715882 72.51418319887496 58.50246534976112 101.9135110032031 85.32409025005775 
61.571446190584155 88.82837984563267 9.11424034135594 39.59477699141643 53.049689933118366 44.96756418797887 156.13621016599578 62.89515867696019 21.146363706320766 33.98082782982192 53.514256231400616 106.69145797579111 87.31193335392362 0.0 68.43953071142437 96.68739079114712 74.30425778513639 96.16455954768367 59.00464565608373 47.45911318176942 29.57524589923133 26.233139728214006 96.37856735291307 75.50354641339703 68.38261115225127 75.4152193459649 45.32013382592774 11.621041347486893 122.73395328921822 91.61598583762552 28.795642465484253 111.30625916811687 73.4996046588007 51.41000923944675 33.58206455833233 60.03358913974742 75.43099673874129 27.77985460725092 121.22201920443331 7.316931118986975 57.08442573066667 60.9024632014174 70.29473087650311 66.79081580576779 65.59342919073526 32.81822908080203 102.49475753422708 68.41580320364588 88.09159469552132 9.597465134086185 21.024842853158255 42.81159119911335 111.9031281108799 49.04120325807678 78.10800615173838 113.77944144703822 84.85932743664658 39.41602770447575 36.95363887359403 12.611199823965999 42.67727566281616 16.469906769620767 113.7608304470392 77.55128009904156 73.58359395952334 68.7192121680684 71.41046211865599 16.708156122086002 70.30411101066565 120.37100468551387 103.03438420740913 53.642214952404785 41.630550716991486 94.29748803653256 16.4134069894096 60.923678697202774 72.61399981408543 35.5487789523072 
31.123575148109197 55.566155976457466 59.927952951857115 56.15549042613732 15.465309890202654 45.6006285592644 113.22029689503557 66.06684654953648 87.71077330636187 48.123324905912305 97.14017335788526 38.33959469008508 45.59378038724142 68.43953071142437 0.0 47.14083913126707 6.3163768886918055 63.857827155329986 56.16527390656971 21.15986058555207 96.37334084693755 92.70047322425059 69.76376478516623 44.76250226473047 2.5082583598983583 39.88785806482971 29.093909637585664 70.50320901916452 82.19490364980058 116.91364764218076 46.447155531851465 66.93183477240109 23.516367172673593 76.7759788084789 58.58528805084089 8.439016589627018 33.967733998605205 61.97090480217309 62.97264676031967 67.04368203641563 59.04692155396418 36.63216755803566 30.54764660329827 75.29566388577766 78.4395566598894 36.055455786884735 82.62720284506791 4.0399826732301705 49.152000366210935 66.26473433886233 87.38318628317464 73.96236613981465 78.97660160452588 21.574432205738347 43.69787945655945 108.18877585036259 62.124422773978345 57.17896301962812 75.25108936088567 75.05278146078265 36.55530563406631 80.56740445738586 134.37885811391612 22.65922631071061 58.88809000128973 15.228204917192308 44.57933449480824 58.88158799658854 101.39159508065744 86.46077573674665 53.985748684259256 15.412444614661233 29.337717174313344 60.22191064720547 52.23313853292754 14.29300787098363 56.868662205119605 85.44329982508869 
35.117165318402336 100.63496261240424 90.63887623420759 99.2232626806839 53.79576507495734 54.309951473003544 148.67213280571445 56.13044383398371 110.3036229504725 89.43299763510112 138.22162103665258 45.239670743717845 89.54073167000591 96.68739079114712 47.14083913126707 0.0 42.907558832914276 108.33991935108683 102.71777336469088 56.75267635979822 126.20948441381098 114.39447519001955 115.0800130213757 25.05787087922675 49.50683227595965 22.489269552388755 72.20410558964082 93.08710039527496 121.75510952728021 162.7073213872074 68.035965613784 106.43488655511408 26.128416350785592 120.73984139462831 99.91898971666997 50.324701499363115 21.256704471766078 76.7404298398178 26.352634061892175 92.06829131139558 53.82566548589994 36.5109500561133 77.21638857781423 63.535653691451074 68.16807628941864 71.67995235768507 128.428562088034 50.95116369622975 93.45979166465116 90.30143662755316 117.69620072457734 116.35356747861236 121.8945195855827 64.01871080395169 89.7811112261371 154.94299264568244 108.55933732756479 100.16258444149692 115.9387040983295 97.59490731078135 79.92627988340256 102.4883873665695 180.9935238896685 66.56110249237163 106.00618065943137 34.3718187618869 91.53362430276647 81.47808400422778 145.7266231990572 128.40542054368265 7.038579757308996 57.667320667775094 57.19008327498745 104.59310451459025 83.73036548946864 41.674045256010366 38.450636470674965 123.6837848588084 
32.09651309721976 58.21433958227131 65.90415351098896 62.335280700418764 21.259876881111044 48.76346585303387 113.00210728123614 67.6117685909783 93.27531912033321 54.42095472334163 103.37689870082193 32.38800697789229 47.60408332275709 74.30425778513639 6.3163768886918055 42.907558832914276 0.0 66.24184425270782 61.57427100664692 26.860639549348036 102.46262667431476 98.22435350258102 72.59487140287528 43.72246427181341 7.722336498754765 38.56332280807762 35.37759524049084 75.9225147699943 82.87227102595898 122.48892616885821 51.333019724150255 67.4645001834298 21.542435749004802 82.79972901525704 64.86376218660153 14.341054703193903 32.2547311258364 66.46177467537261 57.19777220311993 72.64064454559859 60.953152404120985 37.68560808849978 34.32054923802939 76.8692802945364 80.27805634169277 42.146676322101605 85.76126063089325 8.80997735524899 51.36815228329709 71.7673464606293 93.4711208876838 80.15238123724086 80.76304705742596 27.889924273830502 46.948526068450754 112.03564920595586 65.67641406167057 63.36283207843538 81.52934826797035 80.51394465556882 42.786689156792676 86.02353274540636 139.59720815618056 24.303448315002548 63.335270465989176 14.634293218327969 48.698092416438655 64.14911382084713 107.31187562427561 87.92827153993191 49.5651001814785 21.680329563915766 34.34888833717912 62.535489196135664 58.19950606319611 16.985510207232515 56.90051208908404 91.75910924807411 
93.34284935119561 8.626785322470939 87.77961130011913 58.427256327847545 67.80614179408823 100.92091559235875 60.00972461193269 125.17338874537191 116.8094917418957 62.188417257556885 86.6282153631252 75.4259533184699 18.80136572167033 96.16455954768367 63.857827155329986 108.33991935108683 66.24184425270782 0.0 39.46460996893292 70.47558193445444 112.14856923295989 121.66420520843424 8.099380963999657 108.47207552176737 61.36174718014473 103.71222116992772 57.40207652167298 104.96363029640312 26.8900970805239 81.19981778304678 92.04863221145656 20.044243587623857 87.27592632564836 62.97188757691801 64.87349521183516 65.55824475990796 97.81928853758853 107.36478704398382 115.99144579235143 99.75553964567582 117.46755930894282 98.40037270762748 34.66780768955545 133.90455094954763 136.03783481076138 71.69768577157843 21.5068729712155 59.83568882364437 14.898947378925797 100.5226050796536 104.96554525176344 67.88444328415753 16.49856296772541 60.57830352527215 21.436619556263995 50.430228484511154 13.572197537613427 59.007452046330556 74.21492998716633 108.01596020033337 55.64739024428729 112.56911707924158 90.23720776376007 41.96943757068946 24.99029437601726 79.07744558342789 25.56986220142768 97.79862421322704 77.02891654437313 24.957621080543714 114.54155110701093 62.72970068476335 79.45971620890676 3.752644001234329 82.98878345897114 76.15328996832639 119.45411156590635 87.06312544355389 
76.47413751720251 33.99207920972178 51.51282946994854 19.63074899233343 50.3708346665012 75.9842935612354 98.89642796380464 101.01085340694831 78.80253098092726 26.426425732588203 50.697123399656505 85.76658469357399 38.13445372625652 59.00464565608373 56.16527390656971 102.71777336469088 61.57427100664692 39.46460996893292 0.0 49.74922102907743 72.70401290850457 83.45984115129863 38.01913081594581 93.7437157360428 54.05866192387673 90.23561773490555 32.72237028395101 69.05325536859215 66.28843966333798 61.00645585509782 62.55813414736728 57.76238579733355 77.18774029598224 26.45725958976099 26.02547853546597 52.48866590036367 85.91645273170909 75.6090766045982 118.6850091671227 63.73610381879332 93.25439739765625 80.1600392527349 31.35922910404527 108.63151121566892 109.67505796670454 42.60829666860669 43.55584030873471 52.80241290888135 36.74920898468427 64.93773340670276 65.6809486076442 29.26027381963471 53.924487387456914 40.078752500545725 28.363053326466808 59.326335543331844 26.68702175215511 20.030262429633815 35.07408503439541 71.4206406160012 26.418499295001595 75.43313971988705 78.2931837710027 44.9976858293846 14.936284310363137 68.55432053488678 20.597404423858848 64.26506816303862 47.77311997347463 62.195225363366916 109.69609499886494 45.699414482025915 55.65262563437596 38.62628629573389 48.48389740934612 62.197126983486946 100.53980573882167 48.04820783338334 
26.75926325592691 61.85680827524162 39.180031457363576 42.695059725921446 5.7077254664183 30.562655725574636 125.87481316371436 54.746915830939734 66.55113818711142 32.68971000177273 81.6143424895404 59.24608291693215 54.752235479476084 47.45911318176942 21.15986058555207 56.75267635979822 26.860639549348036 70.47558193445444 49.74922102907743 0.0 75.91253589493634 71.54455923408851 74.5214591711676 44.111545529486946 21.475055762442153 40.94659620774357 17.047656085221806 49.39143935946795 93.13316630502798 107.11880826913637 26.230391857538077 78.77661065316279 30.724725629368933 64.29360436310908 43.168830838928216 12.725395121566953 37.42503511020397 42.309899574449474 77.88355320605243 45.88390437833293 47.00920638555813 30.476630391170215 36.210680924279785 63.42903073514525 65.62898909018789 16.037182794992393 85.68886607955551 21.829611082197502 57.36328721403613 45.11934814467071 66.93208247918183 59.60960866336904 86.80291286011087 10.303027952985472 49.04308849369093 107.5921324261212 64.61795327151735 43.59851272692683 59.31873675323843 53.9183696433785 24.175906394590463 59.43261209975547 126.54600510486296 36.22586199112452 57.68729846335327 23.467659981344536 46.35897242174378 37.91333254938162 89.26869413741863 95.01258738188325 63.75019279186534 8.630828986835507 9.727785410873329 67.29150705698305 31.479998109911 15.43098551616195 51.22370897348218 67.89313076445953 
91.09446428845169 106.1265099020975 36.81845663522576 54.1112617206437 81.29913027825081 73.62863587626761 171.41737002124376 88.2544029099965 22.98830537468997 54.04649000628995 42.38626298696312 134.69591853133485 107.379650995894 29.57524589923133 96.37334084693755 126.20948441381098 102.46262667431476 112.14856923295989 72.70401290850457 75.91253589493634 0.0 23.39607817562593 110.37734106690557 104.54020300822073 96.00387122402928 104.7387162275727 70.33644304341811 34.865874433319455 138.99232532769568 83.22479482101471 58.201420266175624 129.74918882212714 103.01640431018741 54.12338533388317 47.836396707946136 88.12335970104635 104.9583185507466 53.55638352241495 150.79233989165363 34.47064950069841 83.5853084519044 90.21355610993282 92.64072891012893 90.2284254212607 87.96502805660896 60.32241880097315 113.1998964840516 95.8324162796702 107.24232083464065 36.486955490969635 8.99150649224033 46.41645364523231 126.35547671945208 75.71688869070097 97.49983971781697 117.29041458704117 99.29048009250432 53.40647737868507 39.32126152604974 31.263340720402862 65.54460688721841 28.496661155300277 105.0081336754444 102.1765692563613 87.48636470902193 97.97009089002621 89.92286855967174 45.169573752693296 62.79084969165492 134.422038658101 132.49705874848695 81.11640712580902 70.9381981798241 111.10623509056546 44.47022798457412 90.05570820331157 100.27321046520849 28.52866497051693 
80.07083775008226 114.5808897591566 35.301439248279955 63.83112686613014 77.24884114341134 60.1133998456251 181.67124435364008 69.63008678006943 5.12443811554008 59.73772844693712 64.04094871252299 130.44373700948617 113.47063970032072 26.233139728214006 92.70047322425059 114.39447519001955 98.22435350258102 121.66420520843424 83.45984115129863 71.54455923408851 23.39607817562593 0.0 121.34573789383788 90.81133346119306 92.94539941277351 92.06248409096943 71.39240868607811 22.425255093309417 148.4014453905352 104.88016156070698 48.17829765568725 137.33108983038036 93.93592616778739 70.64394458125906 57.447588495949944 84.26981398460543 93.60190684489285 37.84600229878976 140.15082929472803 25.70178859534877 66.27213572082916 77.90212035625217 96.5258782140831 70.08680024084421 67.24708966936785 58.21133460074593 126.39839183312421 93.15041412683037 114.15134166535232 26.457068715184604 22.48779386689588 62.1074738900239 137.08729013661335 74.53492315015828 104.16555239137361 134.57567948184396 109.86851780651271 63.446632849978734 55.14457900827606 17.766577864068253 68.90452184000699 12.321482743566214 126.9540579107261 103.49503573118857 98.31979983706232 90.62939596510616 97.29829803239109 34.47929188658027 83.85792349563636 145.48139337042383 120.08632085712344 78.56501260102999 64.16995768270382 119.97477355677734 42.13429430997984 83.37746296212184 83.86134542803376 47.731676452854664 
98.42835033159908 14.448812027291382 88.33957502727755 57.56636047206737 72.34997803040442 104.64342479104934 61.041650862341534 129.2426262886978 116.6137059911913 62.646419570475054 82.3204045969163 83.27318085674402 25.91178945962629 96.37856735291307 69.76376478516623 115.0800130213757 72.59487140287528 8.099380963999657 38.01913081594581 74.5214591711676 110.37734106690557 121.34573789383788 0.0 114.03851898371883 67.25574584375673 109.41952630129596 60.306824132928774 105.75809705644292 29.515176452123743 74.11607806677307 94.67144553665588 26.44592560301114 93.27511222185692 59.322884024632515 64.00166092376041 70.73536849412746 103.69136655479085 109.53569486245112 123.54175817512068 100.48197475169366 121.47544704177876 103.32116035449855 39.70659816705531 137.7961166687944 139.70663231214186 74.10689623105262 13.6874599908091 65.72391732847336 21.885928195989308 101.42217796912074 103.6126246458413 65.03374204211227 15.978276502802176 64.37795468947425 26.242130439428887 42.4185745752966 11.519574037263705 58.02164962322254 71.68957213570187 108.53414567775434 57.55716220419489 112.84740899107965 82.40005760313521 48.52259261416273 23.083795723407363 84.90137669084054 28.327461322893022 99.37970787841952 71.30082336130488 24.176349310845094 121.40461336374331 67.19653235100752 83.12103411291272 11.462836690802153 84.13596315488401 81.4314735037995 124.44574812342927 84.29050461350911 
17.39937806359756 100.0640599666034 70.72064660337885 85.83156236490164 43.61194057824073 31.03519041346452 156.5633468472107 31.754762068074136 87.00971642868399 75.2612287502669 121.74793876283901 61.14444839885302 90.3500825511521 75.50354641339703 44.76250226473047 25.05787087922675 43.72246427181341 108.47207552176737 93.7437157360428 44.111545529486946 104.54020300822073 90.81133346119306 114.03851898371883 0.0 47.22206417555252 5.38120767114595 61.13706493609257 70.35217413129463 126.55766252977335 150.6955545197004 46.831291803664776 111.16913530742244 22.338930771189563 107.28257648378883 85.07884933989176 43.49555195649321 11.92334894230644 52.965345132454296 51.379610673885026 70.0713875558348 28.80313458636056 15.200965396973972 74.35884782593125 39.92598348193818 44.3705143986409 55.923856242215635 126.477793786103 48.73063948892934 93.867306220004 68.10027914773919 96.42211087712194 101.58421015098754 123.73664454800769 53.702137257282416 87.80176710066831 150.4758345283388 105.55555148830402 86.64399365795646 99.87897865416926 74.67096759785558 68.22228979593106 79.25200600615734 170.51849983212966 67.33926790513837 100.3845943409645 29.588830865716883 87.35758364904561 59.37082517533339 132.00632433334397 131.20376147809176 29.697271019405136 48.609547580696535 40.581657777868074 104.87768350321245 64.65333677390518 32.78786856445536 15.277193001333714 105.79208471336597 
33.35398893685731 53.062112076320524 59.74995418408285 54.657788548385305 15.7807214663969 47.19360470445122 111.02647059597996 68.09626583741579 87.92531709354253 46.92703613057189 95.74145050081495 38.733571188311565 43.12808099139121 68.38261115225127 2.5082583598983583 49.50683227595965 7.722336498754765 61.36174718014473 54.05866192387673 21.475055762442153 96.00387122402928 92.94539941277351 67.25574584375673 47.22206417555252 0.0 42.37001615529549 27.86384686291539 70.8566816186025 79.8605540301343 114.89747048999817 47.22603189979018 64.62973688635905 26.024504702299335 75.07748388165389 57.30626946504196 8.904056659747846 36.46979749052632 62.93715737146062 64.85312316303664 67.25335748496128 60.995759795251345 38.8273359889653 28.059463448184463 77.3079101256786 80.38161666077636 35.77127389400607 80.1219301439999 1.5318289721767238 46.66934261375449 66.55672973486604 87.02124065422188 72.47813858674904 76.51478649908135 20.68072622032408 41.19190470225916 105.72849108920452 59.634183158654906 55.68775955270602 73.96512509284359 75.36676804135892 35.16560344996229 80.87916980904292 132.20914009250646 20.28284400669689 56.50097351373691 17.717146299559644 42.13480471059525 59.37038929466439 99.59876533873299 84.02601685787563 56.323078298331666 14.887775958819368 30.125635213219986 57.729933258232684 52.08148278419116 16.31107139338186 59.1983123830401 84.3776078648832 
14.920626159782971 95.35536474158128 70.0741999026746 83.23377450290236 39.892372416290314 31.95085250818826 151.29020405829323 36.146038925447975 88.06563543743951 72.80177122158499 120.09213568339935 55.967533106257235 85.47173161344048 75.4152193459649 39.88785806482971 22.489269552388755 38.56332280807762 103.71222116992772 90.23561773490555 40.94659620774357 104.7387162275727 92.06248409096943 109.41952630129596 5.38120767114595 42.37001615529549 0.0 57.835550356160695 71.04352106279643 121.43314645104111 147.9641903299579 46.61963337479179 106.02781859964864 17.080397185077402 104.78531653337694 82.84809386461465 39.174137029422866 6.547504715538587 54.31926458449157 48.73915195199851 70.35997863842769 32.410223232801094 14.5254411636962 69.80524119290759 44.62389656899093 48.96438746681102 53.75055033206637 121.9941915707465 43.89026667724861 89.03885851132641 68.4900603007473 96.42528466123395 99.4005413466144 118.84237267910802 50.16186402038903 83.20853534343698 146.37446008440133 101.15216455420021 84.08126569575413 98.04475358222896 75.48180820568622 65.12156853915606 80.262385337093 167.4909836767341 62.36530594809906 96.33370816593742 24.662365255587307 83.04306478568816 59.68316186329273 129.63741782371324 126.23730609451391 28.04147018257067 44.75356995816088 38.473617454042454 100.09313363562958 63.65024587540884 28.56272992905265 20.425504889720592 104.53461306189449 
43.80421956843884 49.00335633403083 36.208809162964755 27.407179077752602 18.469963616639856 44.811485726317976 115.48651568473265 69.7901298250691 66.26915013790354 19.06318950228424 68.10188139838722 65.94526270324502 44.30545993441441 45.32013382592774 29.093909637585664 72.20410558964082 35.37759524049084 57.40207652167298 32.72237028395101 17.047656085221806 70.33644304341811 71.39240868607811 60.306824132928774 61.13706493609257 27.86384686291539 57.835550356160695 0.0 51.11433446695751 82.08972286468021 90.67521395067122 34.660021018458714 68.88556496102794 46.123005853912 48.65728742953105 29.491651869639316 22.590072266374005 53.93445315380512 50.234885289010066 91.26586925022956 46.4362801374098 61.97589416055245 47.440912491224275 25.946866034263174 77.99024119721646 79.62913793957587 14.697253144720616 70.45974947443398 27.219961094755444 46.03394714773002 46.52189102992268 61.50104552769814 45.09063691056049 73.89970333499318 8.206667350392607 36.56710003541435 91.03366521238173 49.6657322607852 28.402580903854496 46.15728956513803 55.02704721316601 7.761276699100478 60.276445689838084 109.72595737563651 32.2895154036105 41.55051636261576 37.9059604415981 32.06128771587317 41.84323894012031 73.59969378333037 82.34465996650906 79.24267262655897 14.737680448428781 23.55341607920176 54.625601982953015 29.31841170663923 30.630302381791793 67.94705913429954 56.56232672901638 
