1 ; number of test cases ; for now it is ignored
6 ; number of periods
6 ; number of depots
6 ; number of total vehicles
1 1 1 1 1 1  ; number of vehicle per depot
190.0 190.0 190.0 190.0 190.0 190.0  ; Maximum allowable load of each vehicle 
 ; t(total period) lines containg  v (total vehicle) values each referring maximum time limit (route duration) for that day for that vehicle (NEW)
475.0 475.0 475.0 475.0 475.0 475.0 
475.0 475.0 475.0 475.0 475.0 475.0 
475.0 475.0 475.0 475.0 475.0 475.0 
475.0 475.0 475.0 475.0 475.0 475.0 
475.0 475.0 475.0 475.0 475.0 475.0 
475.0 475.0 475.0 475.0 475.0 475.0 
144 ; number of clients
6 6 6 6 6 6 6 6 6 6 6 6 6 6 6 6 6 6 6 6 6 6 6 6 6 6 6 6 6 6 6 6 6 6 6 6 3 3 3 3 3 3 3 3 3 3 3 3 3 3 3 3 3 3 3 3 3 3 3 3 3 3 3 3 3 3 3 3 3 3 3 3 2 2 2 2 2 2 2 2 2 2 2 2 2 2 2 2 2 2 2 2 2 2 2 2 2 2 2 2 2 2 2 2 2 2 2 2 1 1 1 1 1 1 1 1 1 1 1 1 1 1 1 1 1 1 1 1 1 1 1 1 1 1 1 1 1 1 1 1 1 1 1 1  ; frequency
6.0 3.0 23.0 1.0 18.0 8.0 2.0 9.0 1.0 20.0 23.0 22.0 24.0 21.0 18.0 21.0 7.0 4.0 21.0 13.0 18.0 4.0 3.0 12.0 5.0 8.0 14.0 10.0 14.0 19.0 20.0 21.0 11.0 14.0 6.0 7.0 3.0 22.0 21.0 12.0 1.0 11.0 12.0 19.0 8.0 11.0 18.0 6.0 3.0 6.0 10.0 7.0 17.0 12.0 11.0 15.0 6.0 13.0 3.0 23.0 24.0 22.0 11.0 24.0 8.0 22.0 11.0 6.0 10.0 10.0 20.0 2.0 18.0 8.0 13.0 8.0 8.0 18.0 17.0 10.0 23.0 3.0 25.0 4.0 25.0 5.0 9.0 18.0 16.0 16.0 22.0 2.0 22.0 11.0 24.0 17.0 12.0 1.0 23.0 4.0 15.0 15.0 12.0 21.0 21.0 15.0 21.0 19.0 11.0 3.0 12.0 4.0 2.0 9.0 21.0 17.0 22.0 24.0 2.0 25.0 21.0 11.0 23.0 4.0 1.0 15.0 20.0 8.0 4.0 12.0 23.0 25.0 5.0 15.0 2.0 22.0 16.0 23.0 13.0 7.0 20.0 25.0 12.0 9.0  ; service time for every client 
20.0 10.0 8.0 6.0 1.0 19.0 13.0 24.0 15.0 13.0 10.0 4.0 12.0 21.0 2.0 10.0 20.0 9.0 24.0 19.0 13.0 14.0 17.0 25.0 1.0 9.0 12.0 22.0 2.0 21.0 8.0 19.0 24.0 24.0 2.0 20.0 20.0 5.0 17.0 4.0 21.0 3.0 16.0 14.0 6.0 5.0 12.0 23.0 12.0 18.0 24.0 3.0 3.0 25.0 22.0 25.0 15.0 18.0 8.0 20.0 18.0 5.0 25.0 16.0 14.0 1.0 15.0 22.0 6.0 24.0 19.0 12.0 13.0 10.0 12.0 13.0 25.0 12.0 2.0 11.0 10.0 9.0 21.0 14.0 15.0 6.0 25.0 14.0 17.0 8.0 4.0 17.0 23.0 4.0 4.0 9.0 9.0 19.0 12.0 25.0 8.0 13.0 3.0 6.0 11.0 24.0 16.0 21.0 25.0 10.0 2.0 13.0 14.0 19.0 16.0 23.0 13.0 24.0 17.0 8.0 12.0 6.0 20.0 20.0 24.0 10.0 18.0 10.0 15.0 12.0 22.0 11.0 14.0 9.0 6.0 23.0 8.0 22.0 7.0 15.0 22.0 7.0 14.0 21.0  ; demand for every client 
; COST MATRIX
0.0 29.318061208067633 75.26630184883538 44.67372292522753 98.83941408668912 43.69709762673031 93.96737598230568 86.68521869961452 59.3044197509764 79.61556685096201 59.63565806629453 118.94247342728332 24.111950252934754 48.00645894043842 102.90605527373013 25.178024902680512 26.817181526029167 82.18953642648194 25.681801066124624 106.26384084908656 61.29336617448906 50.19847432940566 46.408257853532916 88.5375500282225 49.67321606258246 56.08190282970078 97.22748155742799 53.360826174263835 32.96575465539959 60.12153179186305 21.095409002908667 80.94082169091193 40.502389065337866 6.846986271345956 32.46723419079612 91.07680574657853 91.84596340612906 85.03501534074066 77.97502083359772 13.89782375050137 30.980001694641658 104.36176652395264 107.0127322705107 49.375496149405926 18.54079947035726 2.133326510405756 76.16731037656508 34.29340410341324 58.831123412697124 34.54572687033811 75.47265182170293 64.03513292716741 20.445419633746823 85.15740346558249 122.80942237874096 35.68094333113966 69.33579739211197 108.492068253859 5.478093190152938 42.635252362335095 69.61795446578418 66.81224990224472 42.69342455226566 106.63898049493908 46.0298844773697 110.47436127898635 57.51883456747016 97.03004368750948 22.906185474670373 93.33541142031785 48.3560723177555 22.11262383797997 131.68966005347573 71.0348604700537 95.10884855784977 133.0682971597668 44.29359417568189 49.72214355797626 24.67703412081768 18.50566210650135 37.36794040350632 95.22222245883573 60.779051555614124 48.26989382627644 126.83611104492284 40.30817357559133 62.53100172714331 73.6766161614389 94.49063389034916 34.923809643279185 94.9184991453194 119.58008855156447 116.95917228246786 126.2448384132991 127.8487065636567 43.58773453622016 78.79217357707552 70.79637720957196 30.430448977956278 115.7670130304829 115.87901534359015 26.618483672065164 19.420588276362793 59.00088346796173 45.51602927541022 101.67432706932463 17.512297222237866 9.57145558418363 64.42577835773504 24.099986556012848 113.83909313148976 20.336720089532626 92.34592996445485 72.02430614730002 15.486177223575867 76.52193365303833 50.07884401621108 104.60640455058189 53.79100105036157 19.25364196717078 29.333809043491097 94.01508136464064 125.35036167478738 78.28895991773042 107.6109229121282 86.97959361827348 97.8020046011328 12.628576681479192 35.55600665147873 105.89181604826692 63.9176037175988 133.12512594172446 22.190449342002967 45.87882327392454 7.532812555745694 53.18038639385765 82.25087015953083 44.20860210411544 22.615983838869358 67.85517797486054 65.59600798829149 82.13724030547897 89.83601728148905 100.5045331564701 64.13169241490513 16.1247641843222 39.42877046016018 67.51390568616216 122.77482394204439 55.09163960166733 
29.318061208067633 0.0 62.196980545682436 19.794782772235717 90.56437703644849 39.18110781996854 83.67706412153811 87.85708399440537 36.687278626248634 57.86963490467172 38.00127558385376 101.60635693695548 52.975244728080305 20.381389869191946 73.76863401880233 15.776105381240331 43.44487578529832 52.982640940217394 33.54605170508148 95.92027681882492 45.22107617029918 22.59735581876782 52.37564519888992 68.71938802113999 25.453271400745326 71.02730170856837 90.26835607786374 26.404097503986005 5.524273798428171 50.360625889676946 31.234814070200585 52.73054034428245 69.63962269426796 28.210437926412983 61.52193521826179 91.93829182663771 96.73169319824811 70.77621369499784 63.36170945452781 19.0958444170453 18.93592675313252 97.68834573786168 84.72888976612406 22.02091317361748 43.965385862061986 30.495966175873164 69.09716952958348 19.43808349606514 56.2604286954872 34.591421942441166 57.189382948236116 52.76822092888863 40.22386566455293 85.35847995366365 94.31651491652987 11.793072203628704 55.66523792278265 102.11718427865118 31.791043298388306 37.24441817239195 72.75017707882229 56.47681012592691 71.2008197214049 103.76427521069088 36.06660951628251 108.80044222796155 31.111854348463382 80.9884659997953 23.99853416356924 84.42442281709718 30.539578402459977 41.21745736942054 121.78586771871358 51.85336406637471 66.06196625139158 120.6517907451025 48.32561269140827 45.33299042639918 53.8688360371746 13.405644967699242 41.482382248371415 83.7353346980831 40.50817345919215 66.83201990812488 112.67522567982724 69.60193192721017 64.7084319853294 100.32243577585226 86.23897356763935 63.93424447821371 84.6944424445902 115.04313869588226 98.32282308802978 103.66134367738053 124.91490217343967 14.295150401447337 65.58105191288107 67.26678952499516 56.0394780311166 114.42387917301178 111.89967358308067 52.64358317971906 13.96085935750375 68.80338678437275 46.8965702157418 99.45942451070185 37.43284211758439 29.097756906675812 44.16192649783295 14.219153174503749 101.87406415766478 10.24680579497826 85.06876035302265 52.0530338501033 16.33381014950278 49.42757458140142 61.76868158703081 95.06627685988339 30.43379517904397 35.41179309213246 30.124450965951233 120.0542502579563 108.8639089551721 60.58391472990169 81.66539919084458 58.38449284698806 71.62180274888367 41.01200512045224 35.67994618830023 100.10493420905885 47.013604435312125 110.01113358201523 16.87820976881138 28.540613097829556 23.466082800501663 65.24285131721328 88.35819901401341 22.696499840283742 6.705831790315055 42.491684139370136 53.838999665669874 73.0677929186314 101.7855827118949 91.31801588952752 41.77579171003226 13.554222404844921 65.12108313749088 38.256759768699695 93.66723188500875 53.83859906238274 
75.26630184883538 62.196980545682436 0.0 45.04088322846256 29.903897154050007 32.620776830112426 21.928266256136165 42.814328080678784 31.67910257567281 107.10541975549137 29.183680525252466 44.504965711704585 95.43564198453323 70.47262726761363 90.18679820239767 77.48572916350469 60.828040614506065 75.38121147872326 52.30850519752978 33.85787545018146 17.348371018628807 71.43484175806648 43.01046785376788 119.18209040371796 40.622151297044816 63.414303820195016 30.995389915276114 74.93585705121414 65.72271225383201 15.740197362167983 89.70236809025724 84.83318516948424 101.13436892570202 79.57571695561403 101.62783946340687 44.960397829645586 56.17237584435964 9.90341133145544 4.588424130352381 75.43451200213335 81.12837065416758 37.99955644477973 42.25493289546204 71.8700925420303 74.05235959103533 74.5211993999023 15.873036256494846 81.32138017151455 26.01688013578876 42.09088909728565 14.3537871309282 11.395676065947114 65.20897099326135 39.30701358536413 82.5476386397576 71.8273600865297 113.86679882213251 42.38817839917162 72.60984589571858 33.153516525400434 39.32349040967752 9.796206255484822 112.78794872680326 48.071757415347314 29.27308670092718 54.163445108301595 78.82483349807978 22.477027027611992 84.49889114657067 23.685326026888465 31.732464259808122 64.31068142229563 59.63368901049138 17.7731992618099 69.69071335551101 58.76754200236727 40.55958082870186 28.120782101499238 89.90276984053384 60.68022191785392 43.33946690950409 21.561200801439607 25.466294783497656 69.20464415051926 51.69854683644405 103.33004328364522 35.40142433575237 112.37621590443413 25.980985066005484 95.74859415155922 22.940834553258956 56.28316270431149 43.82950765180919 59.262824097405286 67.24142583259221 61.173469412809986 3.537323423154859 23.357614261734863 79.3966285745182 59.59694287461396 53.96687099508363 101.34523446615532 59.07520143850548 52.02605293504399 36.65722205787012 45.383525656343615 91.56525742878682 82.01064852810273 98.13149044521845 75.6911125694424 39.761276501138646 61.50118250895669 26.1051436502464 19.75612801132854 73.22272880055756 87.93624586028221 53.991223768312565 33.32185182429092 84.02036955405515 61.30479225150347 46.49631668207708 126.21772611642155 50.335039187428876 114.76396757257915 55.63812858103694 85.84231133887297 50.34157774643143 86.74746182453985 41.381158671550025 41.14735573521098 16.45726359392715 66.71754144900726 54.60981084017779 88.11211131847881 68.18196744741236 55.55403320191973 53.20797252292178 40.1442673616047 64.06222191744523 37.54633723813816 9.739808314335553 14.025855303688259 74.50583497283954 29.907806422404168 28.8812376812352 64.82896915731423 84.47492632728364 60.99400007377775 90.19330888707876 29.34006134962911 
44.67372292522753 19.794782772235717 45.04088322846256 0.0 74.5707720289927 31.205509850024885 66.95178071567626 77.20241963177061 16.92782519994816 64.70460432612195 18.40822688365178 82.18836132324334 68.729760664504 25.99348572238822 65.34623187300092 35.46193567756842 48.565241737275436 45.12306640732654 36.579409098562536 78.84292891566118 27.69400167906401 27.311119072641457 48.5768113918565 76.59098926766777 5.65876894739483 70.81911793435442 74.93400366989609 31.195564588575735 21.691650467403353 36.16204995572016 50.863546327404265 49.50851765100627 82.6102429484383 45.651626882291936 76.89459715740762 80.88474432796335 87.92155764088804 52.73031676369866 45.430258044611634 37.803944780935225 37.70527211147003 82.25930887139765 64.982391245629 27.5506603187655 54.4753549873702 45.16252147522324 54.741199201332805 37.2268751978997 46.013951992846685 31.795725577504914 38.055920183330215 37.326949848601345 48.0212849474064 74.25446872074436 78.81059188332493 27.218508647609628 68.95929291980886 86.71070550975814 45.223675226589 29.247031302339042 64.38808399075096 41.229151252481536 87.3486614665617 90.11058841778807 24.804903245124745 95.6426392149443 35.64309259870698 62.08380859773344 43.79299054643334 68.32807698889235 14.302081317067106 48.37418217396548 104.44914596587184 32.578365121657036 52.67352741178438 102.41719565092573 44.03830411130747 35.78532045406328 67.49868197972461 26.168456469574206 39.04540374999342 66.47239675233622 21.262057191156266 69.62105751854104 93.96712629957351 83.28896109929573 56.53151674066423 108.39534529212959 70.40124388815869 76.72166098306266 67.96740401104047 100.22494620602198 78.69918173018065 83.98211925165977 110.69182337462871 16.303375417379062 48.19006462954786 55.169095352380026 65.28211688510108 101.28618512906881 97.43744198715399 70.31037949691354 25.3341006747822 65.26680542205203 41.09676650297441 86.31163189860332 56.18721863555803 47.151840027723196 53.93661773785969 33.986540983159784 84.03267724522408 24.72318895288389 69.7659073545238 32.55746998770021 35.07494155376456 49.39851157676717 60.3498232806029 78.35979413576837 39.53763222551396 42.61151704645119 30.10794129461528 126.9276043892738 89.58225960534821 70.80323272986905 63.12195537212072 53.38722890354959 53.219845095603205 57.237440307896364 32.47825834308238 85.04646660502716 28.891179017132544 90.43196433230897 23.943975651507834 43.100325578816694 37.41869352342489 63.64628253873119 80.78149779497777 5.946402273644122 24.515246786438844 23.394229074709855 37.996426884642716 57.37699738571199 97.41356747907346 74.87163329993544 22.001451679377883 29.066828172334183 73.71307631621407 28.075309241395722 80.12540756838621 44.85038909530217 
98.83941408668912 90.56437703644849 29.903897154050007 74.5707720289927 0.0 55.335720560954115 8.913517375312622 30.455187341403764 61.54324191168353 136.96717717759975 59.06565744999373 38.510813364560356 115.7624629748348 100.25258478962027 116.66797927880641 105.24831126911253 78.76506497172461 103.7686737170713 73.64163635471445 9.724443891554932 47.00025057380014 101.2707828843048 57.02591686242318 149.04449840903217 70.39906872253354 69.51456503496227 4.481157105034368 104.81246643887359 94.54846436087685 40.40398539748276 115.76006016757248 113.89086023470013 116.91882230419532 104.12269472117978 120.56936775566173 29.423307835795754 42.49359792957051 25.475439878439786 31.010875463295136 101.6262461867012 109.4202120725417 8.445953172969878 54.068481252944395 101.6807825746832 93.14335958080963 97.67968122900484 22.674823593580612 109.95148614730043 40.59903684818151 64.29421140351594 41.82952213449252 37.80923844776565 84.54955839624475 27.91719713724857 101.76093581527246 100.85148480810781 143.5245253501993 12.62373387710625 95.18091423179334 56.65710685342131 39.98731019961208 34.09251791815911 131.41153103514165 21.52007086419559 55.19664890190345 27.738630625897883 108.7268558038905 27.340570092812623 111.52029771301724 6.247416426011637 60.73414648284769 83.25249096573627 32.925864422973014 46.618206840246444 95.19605809591067 36.386245230856126 56.86964154977592 49.139788084606145 108.60623932353059 86.91796008305764 62.49206497628319 11.93135470095496 55.35828462840951 78.5426271587601 34.24853821698088 119.74457023180634 42.1246630134889 118.77732903210108 4.388881634311866 112.24881373537987 8.134192830269027 26.651112640938653 42.35128380580688 64.12618623464209 37.859077392350706 90.82279652708344 27.28013112138576 29.30246544234802 95.14850351949839 32.40379460803935 24.84441587157967 123.36902276503612 85.25297513870117 57.29513344953479 54.31577106145139 21.33959662224194 116.05129945416381 106.77783221717885 127.99294507120304 103.37881955700597 18.9642208381995 88.31769021549421 6.874658973360058 48.194718600693164 99.71618702096465 117.44768260378747 63.44200290816802 6.802476019803378 113.82172009331084 81.96305315201478 69.58049532735448 128.5204200000918 39.63037502976726 144.65530541255652 73.40141947537526 114.33986769714228 71.5385412557455 108.97024639781264 63.28724272710891 12.031016623710567 46.34813922909959 70.83338808782199 80.47256308208408 117.43043135405745 92.47250991510938 63.35789848156266 45.13802859009241 69.36080104064543 91.5058353111975 66.48186297780772 36.82991280196031 17.502108730093067 65.86306124072885 3.332923341452668 58.452563031915034 91.07972156852479 97.7929334307955 90.31947639352214 111.50466396075097 44.6138479062275 
43.69709762673031 39.18110781996854 32.620776830112426 31.205509850024885 55.335720560954115 0.0 50.27234860238777 48.6767820834533 31.998938185508592 94.52826096993428 30.42691604484424 77.10123428324609 62.847941986989525 55.078545196836856 94.48291573083465 51.839948543570145 28.91597679484475 75.19160927257775 19.691156009742034 62.56978923570064 23.25700316033861 56.83982846561027 18.228481011867117 106.08934898471195 31.004673663820427 41.546924627461905 54.03424948123181 60.94002317853186 44.24252227213091 16.923625439012767 60.62969981782856 80.60688943880666 69.1765854390053 48.79635103160891 69.02150787254651 52.775237166686416 57.92289655222708 42.52309077430755 36.0534132780795 46.68150610252415 56.845144946600314 61.32774270263011 70.44061715374163 56.79590535417144 41.522400123306944 42.689633929093375 32.694661475537565 58.15811179878521 17.188041802369458 9.502759283492347 37.072842728876346 21.23632760154166 32.71408083685067 46.217455252317826 99.96756085851051 50.8014116536145 94.8171407552453 65.59992656245889 40.4690989768737 2.0211246869008344 33.97567490131726 23.45438202127696 80.18635490530792 65.49437380416732 7.890426097493087 70.17876656795843 65.67121772131227 55.03782013306849 57.05421761798158 49.70261025338609 19.855677601129603 31.92448931463117 88.07689455243072 34.49984957938223 78.45139160652282 89.4165036220943 13.776546011246799 6.445545516090938 57.34471115979224 32.29481823760585 12.092774082070665 51.613901509186455 28.819318052306507 43.086292077643435 83.5127885057133 71.15440007476697 25.938611373780212 85.49021999035912 50.96085917643069 63.625053909603885 51.22182785688149 77.59098675103958 76.0730441746615 89.07849244907551 86.82782867836787 45.33389135073229 36.03802819245248 28.734192332480827 47.86597430325638 75.74929634656681 74.15711921319489 69.1387627890462 30.631464150445044 34.39405851306299 10.159445063584922 60.923445421282594 60.74962966965313 51.442806892703665 82.20518904546111 49.91240728516307 70.19617358517486 34.22810250364457 49.01349122435577 36.348770391857826 45.001739388605856 80.56660671146575 30.788901653030756 60.954906693390974 67.8355429034072 28.684306859326412 14.368117065224656 101.98137236279965 82.91582204259933 98.99786511839535 77.54584221607243 84.13116916458489 69.26627289669915 54.5493777233068 8.760420652000679 63.20508261999188 26.16227406018062 96.41043401001782 25.756907131874357 67.70309595579808 37.14920542891866 33.778384360416055 50.10125113208251 25.477819863559752 38.13249703337037 42.94956708745735 22.92649055132512 38.447191835035234 66.21201282244786 56.87358283069565 34.418428276143 36.35567335368718 54.070993453052075 58.128149136197344 104.22177759470428 14.681476799014465 
93.96737598230568 83.67706412153811 21.928266256136165 66.95178071567626 8.913517375312622 50.27234860238777 0.0 34.88615478954366 53.272487430192335 128.6114876362139 50.83597436855125 34.57510737510443 112.12499008695609 92.38250077260304 107.75841710511527 98.69073069442743 75.61536555489235 94.92549091261 69.33269307476812 12.40230289099569 39.259889582116756 93.31558468980408 54.63660313379666 140.68528071550344 62.542122005892956 69.80462064935243 11.929288201732744 96.77056670806469 87.41687524156877 34.28157318443831 109.98606709033649 105.14387575603251 114.79514173082414 98.91259432448427 117.42707924920896 34.85632826331539 47.90348810890496 16.594294953386843 22.46702528150979 95.75556110221484 102.60290258077497 17.350525553999795 46.44399643656863 93.76647429118789 89.77384029883092 92.95143171032925 18.852302061021618 102.94985483234058 37.28550985302467 59.56707671188842 33.069027109971046 31.091310811865103 81.01720936319641 31.82048673417803 93.48242582432273 93.60606529493695 135.7938837687471 21.41802448873378 90.64660038854188 51.37389485915975 40.82938908433483 27.66077457339183 128.42542398216952 30.059138277735105 49.09261510655141 36.33365020198218 100.57923670917373 19.498394421079908 105.31941451603308 4.418181073699895 53.43371618182662 79.83546131889011 38.26846414477592 37.99147174037879 86.30638859899075 39.246518546235414 53.790054712744066 44.411949484344866 105.47750169585929 80.97041398560341 58.69105605626806 3.967676020039944 47.16566981396533 78.03096527020539 34.59679779979644 117.43345848607201 41.23950487093655 119.5579913682059 6.74169963733182 109.8652635777114 1.0190942056552004 35.4383411716745 37.248714125456736 58.124799569546916 46.70088162979367 83.10162571815307 18.979436503753213 27.38131956279682 92.87246585506385 41.17561420306927 33.74929972606839 119.16820284790737 79.32136122130028 57.52153169900815 50.755770765500145 29.171815027522705 110.90884875878932 101.49381648652296 119.97939198045638 96.85342567508906 20.14505358642662 82.13807911681403 9.552302340273776 39.48601981714541 93.7133448874812 108.83586861416597 62.59529746714205 11.4243756941025 105.91823998254503 77.97182374422187 64.64011412428044 130.55996716068827 37.413592142428676 136.55298546718046 65.16163841555858 105.50256029594733 62.89423726383841 104.63633120479712 58.63845553900613 20.940706315690502 38.33267976544296 65.13473927175882 74.63809079149867 109.99274117867961 87.30208461428627 63.00032930072667 48.945902760088096 61.95659174777128 85.06414718316995 57.77478713937421 29.886328396107807 11.952379930373695 70.36614597944099 8.058958865759273 49.96594897527715 85.1454641246379 96.30450407431627 81.66523079009818 102.98716771035119 41.34901910565714 
86.68521869961452 87.85708399440537 42.814328080678784 77.20241963177061 30.455187341403764 48.6767820834533 34.88615478954366 0.0 69.8351985820904 141.88287176400118 67.34531593214186 68.72939046725209 98.44407615494191 102.71472261073386 132.19317879905907 100.01171647862064 61.88968256502856 115.86436299829211 61.33620520540866 39.890469801695744 54.12437833361229 104.27118490743261 40.321329169559874 153.70600389705015 74.90224016009135 43.691985947081875 26.04769135643311 108.26921731036944 92.87506578732528 41.90579845319739 106.44356342212527 123.91158658091663 95.06823817132619 93.00905977376613 101.52854438531067 4.397592977982382 13.564069632672924 45.57619006674428 46.650277823395655 93.41118803441053 105.27923241551488 28.821113805680728 80.15913181291326 104.37485826098161 75.9804904564323 85.04263060959487 26.973918384246666 106.7510057751214 31.699768847737676 54.763744649174605 57.13497921588841 42.57923273146194 68.49550003467381 3.5122374634981632 124.71984692902731 99.44235274771006 143.47045863521873 30.765765145694 81.96446358026142 50.61613443359736 17.202627851581283 39.138879007963425 111.60655549294584 22.45469558911899 52.86180642013665 24.533112827360494 112.81404737442939 53.66086519056509 104.2889576609144 30.600624438073158 63.15968705590616 66.90668367211157 56.582915866893956 59.80161356518736 112.25022371915345 63.78218222983595 42.54920166113578 42.602223240108025 89.93720209123698 80.00364077340481 49.7680702559382 38.837842280435716 63.85538305421087 54.08073720836283 63.948942587035795 98.32418937372431 24.257120727736837 90.7295170052172 28.924506737367192 91.25039307860543 34.92889281096669 36.20753585926555 72.00360715964166 92.9856469408048 42.147035826971276 92.84126001406918 42.66030485123143 22.362012990784176 74.51268473219844 29.411017952461282 32.11793449149556 107.68556086124082 78.39926296847439 32.66947537074938 42.21211733613939 17.272881056731677 104.12226344543227 95.82762965345643 130.36293737101815 98.08323539219127 48.89905720972543 82.34145036978641 25.53555740531231 61.989300891363506 92.1935166592532 125.55763395747788 41.0347366629786 36.731818196217844 115.900817896165 67.70988531964886 60.168101266368716 98.85820108114449 70.07486925424836 147.24102445989706 97.00904863465058 125.97501247866579 92.76554171134883 94.30599440120443 53.605183704563494 27.61892512390734 55.16843497870862 100.02034513037836 73.60110516153952 116.36826998799974 81.88520707673639 39.61922129472007 14.77105686807819 71.2770355514313 86.52557987092604 78.34533033308367 42.86218894316995 30.627687506568304 35.56612871820603 33.78459616452445 68.83205387753587 83.80105701600667 74.8953769534542 100.01505112731783 132.87255098401627 34.05536564184857 
59.3044197509764 36.687278626248634 31.67910257567281 16.92782519994816 61.54324191168353 31.998938185508592 53.272487430192335 69.8351985820904 0.0 75.42947665866441 2.550992943933793 65.4389847185911 82.88123978923096 39.71824117455354 63.85737478161782 52.387877414531694 57.01852755903119 46.16056022190372 45.173938061674455 64.52554714219788 15.81477881603154 40.408451356121034 50.08802121266122 87.50662249795725 11.310846652660446 73.49533438933386 62.63503288096846 43.66562258802684 38.49317781113947 28.181718560087848 67.56382615719747 54.20386858887473 94.64328731611134 61.251408808287835 90.6494151442799 72.96210570563325 81.97632792459052 37.78459887308584 30.90358024566085 54.13252247032277 54.52277125201909 69.67865706225975 48.37498413436432 40.961098251877964 65.936806936642 59.433058982354254 44.46644690100616 53.847012739798295 41.43892817146698 37.146576490976926 21.923970831033323 27.326308513957752 58.26601110424499 66.55227735397189 68.58355803689395 43.6480321778657 83.20266703658002 74.06389155317184 58.867958254045135 30.599900032516445 60.052348846652116 30.98896986025834 101.46775997330386 79.23094739431052 24.108625531124748 85.14785936240558 47.33679908908079 45.91497084829739 60.6688748618268 55.347914477421824 13.05362493715826 58.18407494323511 89.5935414692376 16.35715085215026 46.57203937986826 86.69482520312272 45.731159016583 33.74381273655957 80.35155969239177 41.18745634292072 43.15619839605893 52.16920547602771 6.272081153811707 74.78473277347456 77.82656773236245 95.79692962198736 53.00543754182207 116.28832493849072 57.660075936474456 88.77255887941949 54.26040193363849 87.95793017119037 61.8090896632526 67.5104142780949 98.87093716557965 31.19325318077613 34.31513119601905 47.53858176260625 75.36461302892758 90.69771209903809 85.57864292567393 85.63209417619073 40.01902353881214 65.43755414133386 41.86379415437641 76.05229259529261 72.31502319711997 63.018960860998014 66.86279019753812 50.89789836525669 68.82755695940399 40.417361739727646 57.65669484977438 15.936229980770234 51.46448803786938 56.58761988279768 62.73764426562413 64.45916618294096 53.05531490812207 53.00952703995764 37.96499710259438 133.54238459006189 72.93382788528243 83.32296027506464 48.91088177491793 56.15240351044646 39.53819178971138 71.91956844280978 37.32991718447819 72.8038813251052 15.472000032316442 74.15416773857017 37.27924468118956 58.616753859284984 51.801388639688035 65.62788984113385 76.31138840304244 15.185089594730746 40.97940483950444 10.971498530282908 27.289166385215946 45.29837839260916 95.29026634971696 61.32835195079027 5.097180593229947 44.649187069867246 82.98142053496072 30.232951245288643 72.27011180287464 41.81032049626025 
79.61556685096201 57.86963490467172 107.10541975549137 64.70460432612195 136.96717717759975 94.52826096993428 128.6114876362139 141.88287176400118 75.42947665866441 0.0 77.92236024402752 133.9430609251558 97.0256741795696 39.4503747130493 51.05948680705672 54.45817129687702 100.5886835185748 42.5672301307003 91.37666954425511 139.48135937464906 90.52842153710624 37.72082112043692 109.76324638967272 12.07734283689918 67.54960560210547 128.86394453065603 138.01836879560634 33.65892958785231 52.347457139769446 100.6898764524021 64.92317892709815 30.36805059597998 117.34856715358735 74.46399035775615 105.09449103069105 145.58856077315963 152.27153855202226 112.66478392559051 106.15403175103619 65.7285801611445 48.66696705158438 145.10316126466714 108.83560015454502 37.732793230822445 97.74686925932717 81.57275163312808 118.89270691257728 45.322164665867405 110.48359500396428 91.84173894259625 96.09926931043752 101.33942904911197 96.35861670343758 138.95665516987663 89.03153896232504 46.611946322804414 23.514642353223238 149.49274753311613 84.24331694561889 92.5071529396511 128.44770984723706 105.22667936412324 111.12637478564663 154.18026800469636 89.16214108016922 159.90430771245659 29.06902146615878 118.55360681565111 58.35504093049717 130.77709745976168 78.89965622865539 97.62250259033517 163.73669942929718 90.81524288906571 62.816173275677976 159.2205973170557 105.50846738532411 99.89613370396273 102.28076544492616 70.36331434064202 99.00180344316966 127.25906662002515 81.64480226566783 124.13253312891024 149.27429946913165 115.94087080921895 120.44257709796814 153.12152733041816 133.08523645393578 112.5600702069788 129.58690838583965 163.36905692633474 128.5545435680902 123.59659570149982 174.21559294448934 49.230445590102065 109.70928997126907 119.86681911605062 109.91968144968398 165.52195205772557 160.91380967462052 90.6311968033083 71.34059732017948 126.41709688566654 103.51190892839335 150.63839152088687 75.07101766327669 73.13736927863894 15.296972903159629 55.68284390186981 142.76780953702414 67.11811768069782 132.98893842722407 89.60413464232552 64.47732886837046 22.81760778434058 119.61754172779173 139.65607461188358 27.43844822507279 92.17755372106595 87.80073741148192 173.56161101176724 141.9018540717492 12.80436987906863 94.44709037868769 35.4478924197194 86.20186379075571 86.46231761871758 92.8571885208679 148.19549940872022 90.76471253741731 127.440487208736 74.73710439266428 33.839115000247865 77.184244260082 123.09082989402582 144.62730028939905 70.61322355621502 62.43907763572425 71.79827550157455 101.73647967666268 120.57080911232205 159.37702922316 136.66960587489817 78.68373763999776 68.63115605175247 118.9992166066651 48.35237723214858 80.84710454308181 108.92604950607546 
59.63565806629453 38.00127558385376 29.183680525252466 18.40822688365178 59.06565744999373 30.42691604484424 50.83597436855125 67.34531593214186 2.550992943933793 77.92236024402752 0.0 63.781788654756305 83.01436415464495 41.9452890441823 66.08890219242562 53.75833726037293 56.18345544731118 48.594281813810156 44.46604170600302 62.166200406651846 13.283645282828052 42.696352443739265 48.38139464711616 89.99879023631374 12.939737439376426 71.80381785114216 60.120356128353066 46.01475303639041 40.08966785843954 25.77172625184429 68.63618462589541 56.7361810928441 94.28063207785574 61.85301494672673 90.66856320136544 70.45010411631766 79.53919602937911 35.477754508987736 28.51618531641285 55.028908911589376 56.1110958367416 67.18086844481843 47.60282685933683 43.22346498141952 65.55635709830132 59.67349633631333 41.91892318512011 55.55733834517273 39.191418001904445 36.078199317593445 19.875318764739347 24.810916831104812 57.7123087824426 64.05257373439416 69.74934474244185 45.42530891474487 85.45194364670706 71.57182706205005 58.96514984293689 29.12880617189795 57.74810515506115 28.455568172152176 101.55700569138497 76.68465413627422 22.555487935311884 82.59837698768663 49.74699216033066 43.92871704249965 61.91580069739872 52.86233307374921 12.277198581109618 57.55794737479786 87.32469319728527 14.322489902248142 48.44834763952224 84.59788321228848 44.08163381727134 31.810845776244303 80.19316306269506 41.73278429484426 41.83439237039305 49.795405219758976 3.7339096132606096 73.39205322785294 75.85070240940422 95.52845131163802 50.78586011873778 115.17586383439891 55.162876248433605 88.42700597102674 51.82741009350168 85.45289594273561 60.33216397577664 66.80344560724394 96.35110611196946 33.23561813777502 31.86539740847429 45.068000543622965 74.69948961003682 88.14948481414964 83.056706712944 86.0853490206086 40.49354891831537 63.5058294410836 40.144872250388346 73.50135145696301 73.08090739037112 63.706217632190345 69.22326350295832 52.21879742966129 66.6068649464903 41.15457045092319 55.13190809322674 14.153915112081181 52.39698655457202 59.1381195253958 61.05635987348083 62.054007525702964 55.34270691789479 52.51929534942373 37.24503768289139 132.22425399676112 71.19875817035013 85.72825677686443 49.23996544474823 58.63121647211492 40.09232431526014 72.21886741011659 36.18948734093922 70.29197659050428 12.928781690476484 73.56155306952131 37.496994986265236 60.64805383522212 52.10994411818152 63.88769842465762 73.96580456535303 15.89584590388319 41.989251505593664 12.633283698231429 24.751184315098946 42.76433397119614 93.0863908957695 58.88812216398142 4.603575241049069 45.32264066666902 82.15525220580848 32.75946351819578 73.80273006467985 39.69428232126133 
118.94247342728332 101.60635693695548 44.504965711704585 82.18836132324334 38.510813364560356 77.10123428324609 34.57510737510443 68.72939046725209 65.4389847185911 133.9430609251558 63.781788654756305 0.0 139.82425347556838 103.86415043218715 100.3704219827734 117.38027018626258 105.22442964445092 93.90483155301436 96.77029964302064 30.039468853493403 57.88494812988952 104.07958748957454 86.16736797651417 145.56851926154914 76.68788551655341 103.66943083667434 42.991968843029284 106.61439244773663 103.87039700030034 60.245134658327395 131.4574108523365 105.90017494319828 145.43325452247848 122.69147302889472 146.12193281297644 67.92934289392177 81.003903838025 34.63100467788944 41.16694408138647 117.38365857307396 119.89282640758786 43.20016876124444 27.655441218682448 104.82375267562213 118.5570021550815 118.37125310226298 51.37461930759196 119.28568145422987 68.47712576473987 86.53936788537342 44.49622945823613 55.86644132213901 109.71229382799359 65.92234433028001 74.61889519417987 109.07673637398581 146.40002535860438 44.454688852808324 116.6740335293162 77.54288556018535 75.21983515669254 54.046710057134845 157.28511074160835 57.046595411119846 73.07341721857547 62.35572391529105 109.27587452406867 22.071700093105658 125.27937881391334 38.47129228398755 72.02684805681838 108.80103320281476 37.71444617119547 49.75469048240578 78.75945581960302 28.431528555461103 84.34966046167584 72.5370389042729 134.40770142369075 103.01069315852604 87.73900002279488 30.934373906707737 61.09932733672279 111.1851230021355 17.550047407343374 147.72013493765837 74.750179023197 153.48736459396258 39.85654044194002 140.1274009785381 34.270194119671984 54.174132840314115 6.649311092135784 27.98275535039393 64.13792423363887 96.28195173032172 41.169521979250625 60.708236912300464 123.58567425069947 65.2896145263548 55.12937933624865 145.33534546007726 101.50975710738354 91.46761495195992 80.67888301160347 58.662509066694376 134.53364098618607 124.94830736348533 128.92761417943015 115.77027776160857 23.18511958131767 103.23879645269021 43.32103002007224 49.63114112127587 114.92935376134332 111.75774078335694 95.65956306088798 33.136474676706335 116.38934819389617 105.77988181124049 90.75623908029685 165.04691607237015 7.961154501703885 144.130208998669 48.30575014426336 104.00776111906266 51.65195226707312 130.78409063032092 85.85897661863902 46.402759497685054 55.48339196552425 33.64219460736769 97.43971463936049 123.52094194103283 111.63800707644329 96.4775330634029 83.18956401496524 78.98136233947855 104.93672627826733 63.897929207447724 54.17514305472576 44.08097321974641 104.27101956919765 35.203463465971645 60.54569382705925 107.01790390864512 128.12820017857115 85.77253314435805 86.35106749195403 72.32297182085371 
24.111950252934754 52.975244728080305 95.43564198453323 68.729760664504 115.7624629748348 62.847941986989525 112.12499008695609 98.44407615494191 82.88123978923096 97.0256741795696 83.01436415464495 139.82425347556838 0.0 70.28429429822855 125.78478045057757 45.10518374865577 37.2052415930874 105.27680637728332 43.171351345539335 124.04790813633255 83.16465220272374 72.38355459633078 59.390688731483834 104.24167352839267 73.62437583436616 59.715016620612275 113.4847660481353 75.07944539619349 55.98997864796878 79.77132824517842 32.14515129844624 102.90080872860038 20.716187704305064 25.175060873809226 8.631351284706238 102.77750871664482 100.58215722979897 105.33733970914587 98.66289402303178 35.04118719450013 49.70936865420844 120.18295498530563 129.92190400775382 71.46183880225865 22.749340649785875 23.585416447457533 93.51410084580827 53.21040217852145 75.19037920505522 53.353567472100686 97.56696608996306 84.03996935982306 31.212963861190758 97.66883917606476 146.89139205549114 57.46822991879949 82.19819258961842 123.99279690772364 24.05544429022254 62.29527241292071 81.38127293794317 86.26106282674704 18.63346701502434 120.05497462412792 66.95961508252567 122.95162473509653 78.76707274616723 117.75550071652704 38.97790030260738 110.80799037073095 71.29304154684384 32.53269619936227 148.6011546724991 93.52424531104222 119.00723526323935 151.33200381941688 58.93784149423866 68.0214912288756 9.701359183124808 42.584524477795924 53.44202564461793 113.92979960045574 83.82760462401392 49.35508951465898 146.10692397008432 18.934186911510082 75.67305879902041 58.79822516028864 111.5678267781532 17.063693181723583 113.00852359446168 133.5939715743192 138.41955556206645 149.11496037956755 140.57276359593988 67.06502421530914 98.87643690991298 86.60798869042047 26.056718519414535 127.82070173880285 129.65978155927922 11.051653450954745 43.40631401075194 66.95796326800868 61.49788549210454 114.87633198357267 22.09480466082468 25.265685128252514 81.79208329661252 44.725386135840125 132.2638365162602 44.42879855454118 108.98370352488487 94.71984493758423 37.485816090889635 97.66034366619851 57.901440819723994 122.01504950619821 73.63194796418196 34.263848003398564 49.09826962327695 79.27756061459004 145.75864142135794 93.11023497983452 131.4891541572916 109.24561692351782 121.74626540884118 11.996917020634932 54.10514513426612 121.13703201333604 85.94002264370194 156.1370215227638 45.60918627864348 63.63063722767516 31.32742268364891 60.09738857887255 90.71826248887265 67.9502510738555 46.35296048797746 91.78865782328447 85.70656799219067 100.17554482008072 92.7220881667362 117.85939801305622 87.57475166393566 40.167903368236686 31.425245790606006 91.22016045809173 146.63635979183334 71.15581129465113 
